TimeT,AccT,VelT,PosT
0,-12.1047019047619,0.00601918909710392,-2.05083103819554e-06
2935,5.5616180952381,0,0
2940,5.5616180952381,0,0
2944,5.5616180952381,0,-0.3435115
2949,5.5616180952381,-1.7175575,0.429389375
2953,-1.3086119047619,0,0
2958,-1.3086119047619,0,0
2962,-1.3086119047619,0,0
2967,-1.3086119047619,0,-0.1472195
2971,-1.3086119047619,-0.588878,0.1177756
2976,-4.2530019047619,0,0
2980,-4.2530019047619,0,0
2985,-4.2530019047619,0,0.049073
2989,-4.2530019047619,0.196292,-0.0392584
2994,-3.2715419047619,0,0
2998,-3.2715419047619,0,0
3002,-3.2715419047619,0,0
3007,-3.2715419047619,0,-0.392585
3011,-3.2715419047619,-1.57034,0.314068
3016,-11.1232419047619,0,0
3020,-11.1232419047619,0,0
3025,-11.1232419047619,0,-0.049073
3029,-11.1232419047619,-0.196292,0.0392584
3034,-12.1047019047619,0,0
3038,-12.1047019047619,0,0
3043,-12.1047019047619,0,0
3047,-12.1047019047619,0,0.2453655
3052,-12.1047019047619,1.2268275,-0.306706875
3056,-7.1973919047619,0,0
3061,-7.1973919047619,0,0
3065,-7.1973919047619,0,0.4907315
3070,-7.1973919047619,2.4536575,-0.613414375
3074,2.6172380952381,0,0
3079,2.6172380952381,0,0
3083,2.6172380952381,0,0
3088,2.6172380952381,0,0.049073
3092,2.6172380952381,0.196292,-0.0392584
3097,3.5986980952381,0,0
3101,3.5986980952381,0,0
3106,3.5986980952381,0,0.1472195
3110,3.5986980952381,0.588878,-0.1177756
3115,6.5430880952381,0,0
3119,6.5430880952381,0,0
3124,6.5430880952381,0,0
3128,6.5430880952381,0,-0.245366
3133,6.5430880952381,-1.22683,0.3067075
3137,1.6357680952381,0,0
3141,1.6357680952381,0,0
3146,1.6357680952381,0,-0.049073
3150,1.6357680952381,-0.196292,0.0392584
3155,0.654308095238097,0,0
3159,0.654308095238097,0,0
3164,0.654308095238097,0,0
3168,0.654308095238097,0,0.294439
3173,0.654308095238097,1.472195,-0.36804875
3177,6.5430880952381,0,0
3182,6.5430880952381,0,0
3186,6.5430880952381,0,-0.5888775
3191,6.5430880952381,-2.9443875,0.736096875
3195,-5.2344619047619,0,0
3200,-5.2344619047619,0,0
3204,-5.2344619047619,0,0
3209,-5.2344619047619,0,-0.294439
3213,-5.2344619047619,-1.177756,0.2355512
3218,-11.1232419047619,0,0
3222,-11.1232419047619,0,0
3227,-11.1232419047619,0,0.1472195
3231,-11.1232419047619,0.588878,-0.1177756
3236,-8.1788519047619,0,0
3240,-8.1788519047619,0,0
3245,-8.1788519047619,0,0
3249,-8.1788519047619,0,-0.049073
3254,-8.1788519047619,-0.245365,0.06134125
3258,-9.1603119047619,0,0
3263,-9.1603119047619,0,0
3267,-9.1603119047619,0,0.7360965
3272,-9.1603119047619,3.6804825,-0.920120625
3276,5.5616180952381,0,0
3280,5.5616180952381,0,0
3285,5.5616180952381,0,0
3289,5.5616180952381,0,0.4907315
3294,5.5616180952381,2.4536575,-0.613414375
3298,15.3762480952381,0,0
3303,15.3762480952381,0,0
3307,15.3762480952381,0,0.1962925
3312,15.3762480952381,0.9814625,-0.245365625
3316,19.3020980952381,0,0
3321,19.3020980952381,0,0
3325,19.3020980952381,0,0
3330,19.3020980952381,0,-0.6379505
3334,19.3020980952381,-2.551802,0.5103604
3339,6.5430880952381,0,0
3343,6.5430880952381,0,0
3348,6.5430880952381,0,-0.245366
3352,6.5430880952381,-0.981464,0.1962928
3357,1.6357680952381,0,0
3361,1.6357680952381,0,0
3366,1.6357680952381,0,0
3370,1.6357680952381,0,0.1962925
3375,1.6357680952381,0.9814625,-0.245365625
3379,5.5616180952381,0,0
3384,5.5616180952381,0,0
3388,5.5616180952381,0,0.0490735000000001
3393,5.5616180952381,0.2453675,-0.0613418750000001
3397,6.5430880952381,0,0
3402,6.5430880952381,0,0
3406,6.5430880952381,0,0
3411,6.5430880952381,0,-0.4907315
3415,6.5430880952381,-1.962926,0.3925852
3420,-3.2715419047619,0,0
3424,-3.2715419047619,0,0
3428,-3.2715419047619,0,-0.392585
3433,-3.2715419047619,-1.962925,0.49073125
3437,-11.1232419047619,0,0
3442,-11.1232419047619,0,0
3446,-11.1232419047619,0,0
3451,-11.1232419047619,0,0.5398045
3455,-11.1232419047619,2.159218,-0.4318436
3460,-0.327151904761903,0,0
3464,-0.327151904761903,0,0
3469,-0.327151904761903,0,0.490731
3473,-0.327151904761903,1.962924,-0.3925848
3478,9.4874680952381,0,0
3482,9.4874680952381,0,0
3487,9.4874680952381,0,0
3491,9.4874680952381,0,0
3496,9.4874680952381,0,0
3500,9.4874680952381,0,0
3505,9.4874680952381,0,0
3509,9.4874680952381,0,-0.098146
3514,9.4874680952381,-0.49073,0.1226825
3518,7.5245480952381,0,0
3523,7.5245480952381,0,0
3527,7.5245480952381,0,0
3532,7.5245480952381,0,0.1472195
3536,7.5245480952381,0.588878,-0.1177756
3541,10.4689380952381,0,0
3545,10.4689380952381,0,0
3550,10.4689380952381,0,0.539804
3554,10.4689380952381,2.159216,-0.4318432
3559,21.2650180952381,0,0
3563,21.2650180952381,0,0
3567,21.2650180952381,0,0
3572,21.2650180952381,0,-0.441658
3576,21.2650180952381,-1.766632,0.3533264
3581,12.4318580952381,0,0
3585,12.4318580952381,0,0
3590,12.4318580952381,0,-0.736097
3594,12.4318580952381,-2.944388,0.5888776
3599,-2.2900819047619,0,0
3603,-2.2900819047619,0,0
3608,-2.2900819047619,0,0
3612,-2.2900819047619,0,0.1472195
3617,-2.2900819047619,0.7360975,-0.184024375
3621,0.654308095238097,0,0
3626,0.654308095238097,0,0
3630,0.654308095238097,0,-0.049073
3635,0.654308095238097,-0.245365,0.06134125
3639,-0.327151904761903,0,0
3644,-0.327151904761903,0,0
3648,-0.327151904761903,0,0
3653,-0.327151904761903,0,-0.049073
3657,-0.327151904761903,-0.196292,0.0392584
3662,-1.3086119047619,0,0
3666,-1.3086119047619,0,0
3671,-1.3086119047619,0,-0.343512
3675,-1.3086119047619,-1.374048,0.2748096
3680,-8.1788519047619,0,0
3684,-8.1788519047619,0,0
3689,-8.1788519047619,0,0
3693,-8.1788519047619,0,0
3698,-8.1788519047619,0,0
3702,-8.1788519047619,0,0
3707,-8.1788519047619,0,0
3711,-8.1788519047619,0,0.490731
3715,-8.1788519047619,1.962924,-0.3925848
3720,1.6357680952381,0,0
3724,1.6357680952381,0,0
3729,1.6357680952381,0,0
3733,1.6357680952381,0,0.392585
3738,1.6357680952381,1.962925,-0.49073125
3742,9.4874680952381,0,0
3747,9.4874680952381,0,0
3751,9.4874680952381,0,0
3756,9.4874680952381,0,0
3760,9.4874680952381,0,0
3765,9.4874680952381,0,0
3769,9.4874680952381,0,0
3774,9.4874680952381,0,-0.392585
3778,9.4874680952381,-1.57034,0.314068
3783,1.6357680952381,0,0
3787,1.6357680952381,0,0
3792,1.6357680952381,0,0.0981465
3796,1.6357680952381,0.392586,-0.0785172
3801,3.5986980952381,0,0
3805,3.5986980952381,0,0
3810,3.5986980952381,0,0
3814,3.5986980952381,0,-0.2453655
3819,3.5986980952381,-1.2268275,0.306706875
3823,-1.3086119047619,0,0
3828,-1.3086119047619,0,0
3832,-1.3086119047619,0,-0.294439
3837,-1.3086119047619,-1.472195,0.36804875
3841,-7.1973919047619,0,0
3846,-7.1973919047619,0,0
3850,-7.1973919047619,0,0
3854,-7.1973919047619,0,0.5398045
3859,-7.1973919047619,2.6990225,-0.674755625
3863,3.5986980952381,0,0
3868,3.5986980952381,0,0
3872,3.5986980952381,0,0.2453655
3877,3.5986980952381,1.2268275,-0.306706875
3881,8.5060080952381,0,0
3886,8.5060080952381,0,0
3890,8.5060080952381,0,0
3895,8.5060080952381,0,-0.1962925
3899,8.5060080952381,-0.78517,0.157034
3904,4.5801580952381,0,0
3908,4.5801580952381,0,0
3913,4.5801580952381,0,-0.441658
3917,4.5801580952381,-1.766632,0.3533264
3922,-4.2530019047619,0,0
3926,-4.2530019047619,0,0
3931,-4.2530019047619,0,0
3935,-4.2530019047619,0,0.098146
3940,-4.2530019047619,0.49073,-0.1226825
3944,-2.2900819047619,0,0
3949,-2.2900819047619,0,0
3953,-2.2900819047619,0,0.0490735
3958,-2.2900819047619,0.2453675,-0.061341875
3962,-1.3086119047619,0,0
3967,-1.3086119047619,0,0
3971,-1.3086119047619,0,0
3976,-1.3086119047619,0,0
3980,-1.3086119047619,0,0
3985,-1.3086119047619,0,0
3989,-1.3086119047619,0,0
3993,-1.3086119047619,0,0
3998,-1.3086119047619,0,0
4002,-1.3086119047619,0,0
4007,-1.3086119047619,0,0
4011,-1.3086119047619,0,0
4016,-1.3086119047619,0,0
4020,-1.3086119047619,0,0
4025,-1.3086119047619,0,0
4029,-1.3086119047619,0,0
4034,-1.3086119047619,0,-0.1962925
4038,-1.3086119047619,-0.78517,0.157034
4043,-5.2344619047619,0,0
4047,-5.2344619047619,0,0
4052,-5.2344619047619,0,0
4056,-5.2344619047619,0,0.098146
4061,-5.2344619047619,0.49073,-0.1226825
4065,-3.2715419047619,0,0
4070,-3.2715419047619,0,0
4074,-3.2715419047619,0,0.0981465
4079,-3.2715419047619,0.4907325,-0.122683125
4083,-1.3086119047619,0,0
4088,-1.3086119047619,0,0
4092,-1.3086119047619,0,0
4097,-1.3086119047619,0,-0.1472195
4101,-1.3086119047619,-0.588878,0.1177756
4106,-4.2530019047619,0,0
4110,-4.2530019047619,0,0
4115,-4.2530019047619,0,0.1472195
4119,-4.2530019047619,0.588878,-0.1177756
4124,-1.3086119047619,0,0
4128,-1.3086119047619,0,0
4133,-1.3086119047619,0,0
4137,-1.3086119047619,0,0.147219
4141,-1.3086119047619,0.588876,-0.1177752
4146,1.6357680952381,0,0
4150,1.6357680952381,0,0
4155,1.6357680952381,0,-0.2453655
4159,1.6357680952381,-0.981462,0.1962924
4164,-3.2715419047619,0,0
4168,-3.2715419047619,0,0
4173,-3.2715419047619,0,0
4177,-3.2715419047619,0,-0.1472195
4182,-3.2715419047619,-0.7360975,0.184024375
4186,-6.2159319047619,0,0
4191,-6.2159319047619,0,0
4195,-6.2159319047619,0,0.245366
4200,-6.2159319047619,1.22683,-0.3067075
4204,-1.3086119047619,0,0
4209,-1.3086119047619,0,0
4213,-1.3086119047619,0,0
4218,-1.3086119047619,0,0.2944385
4222,-1.3086119047619,1.177754,-0.2355508
4227,4.5801580952381,0,0
4231,4.5801580952381,0,0
4236,4.5801580952381,0,0.4907315
4240,4.5801580952381,1.962926,-0.3925852
4245,14.3947880952381,0,0
4249,14.3947880952381,0,0
4254,14.3947880952381,0,0
4258,14.3947880952381,0,-0.392585
4263,14.3947880952381,-1.962925,0.49073125
4267,6.5430880952381,0,0
4272,6.5430880952381,0,0
4276,6.5430880952381,0,-0.4416585
4280,6.5430880952381,-1.766634,0.3533268
4285,-2.2900819047619,0,0
4289,-2.2900819047619,0,0
4294,-2.2900819047619,0,0
4298,-2.2900819047619,0,0
4303,-2.2900819047619,0,0
4307,-2.2900819047619,0,0
4312,-2.2900819047619,0,0
4316,-2.2900819047619,0,-0.049073
4321,-2.2900819047619,-0.245365,0.06134125
4325,-3.2715419047619,0,0
4330,-3.2715419047619,0,0
4334,-3.2715419047619,0,0
4339,-3.2715419047619,0,0.441658
4343,-3.2715419047619,1.766632,-0.3533264
4348,5.5616180952381,0,0
4352,5.5616180952381,0,0
4357,5.5616180952381,0,-0.147219
4361,5.5616180952381,-0.588876,0.1177752
4366,2.6172380952381,0,0
4370,2.6172380952381,0,0
4375,2.6172380952381,0,0
4379,2.6172380952381,0,-0.0490735
4384,2.6172380952381,-0.2453675,0.061341875
4388,1.6357680952381,0,0
4393,1.6357680952381,0,0
4397,1.6357680952381,0,0.245366
4402,1.6357680952381,1.22683,-0.3067075
4406,6.5430880952381,0,0
4411,6.5430880952381,0,0
4415,6.5430880952381,0,0
4419,6.5430880952381,0,-0.0981465
4424,6.5430880952381,-0.4907325,0.122683125
4428,4.5801580952381,0,0
4433,4.5801580952381,0,0
4437,4.5801580952381,0,-0.1962925
4442,4.5801580952381,-0.9814625,0.245365625
4446,0.654308095238097,0,0
4451,0.654308095238097,0,0
4455,0.654308095238097,0,0
4460,0.654308095238097,0,0
4464,0.654308095238097,0,0
4469,0.654308095238097,0,0
4473,0.654308095238097,0,0
4478,0.654308095238097,0,0.0981465
4482,0.654308095238097,0.392586,-0.0785172
4487,2.6172380952381,0,0
4491,2.6172380952381,0,0
4496,2.6172380952381,0,0
4500,2.6172380952381,0,0.049073
4505,2.6172380952381,0.245365,-0.06134125
4509,3.5986980952381,0,0
4514,3.5986980952381,0,0
4518,3.5986980952381,0,-0.1962925
4523,3.5986980952381,-0.9814625,0.245365625
4527,-0.327151904761903,0,0
4532,-0.327151904761903,0,0
4536,-0.327151904761903,0,0
4541,-0.327151904761903,0,0.049073
4545,-0.327151904761903,0.196292,-0.0392584
4550,0.654308095238097,0,0
4554,0.654308095238097,0,0
4559,0.654308095238097,0,0.184024375
4563,0.654308095238097,0.7360975,-0.184024375
4567,3.5986980952381,0,0
4572,3.5986980952381,0,0
4576,3.5986980952381,0,0
4581,3.5986980952381,0,0.0981459999999999
4585,3.5986980952381,0.392584,-0.0785167999999999
4590,5.5616180952381,0,0
4594,5.5616180952381,0,0
4599,5.5616180952381,0,-0.0490729999999999
4603,5.5616180952381,-0.196292,0.0392583999999999
4608,4.5801580952381,0,0
4612,4.5801580952381,0,0
4617,4.5801580952381,0,0
4621,4.5801580952381,0,-0.049073
4626,4.5801580952381,-0.245365,0.06134125
4630,3.5986980952381,0,0
4635,3.5986980952381,0,0
4639,3.5986980952381,0,0.1472195
4644,3.5986980952381,0.7360975,-0.184024375
4648,6.5430880952381,0,0
4653,6.5430880952381,0,0
4657,6.5430880952381,0,0
4662,6.5430880952381,0,0
4666,6.5430880952381,0,0
4671,6.5430880952381,0,0
4675,6.5430880952381,0,0
4680,6.5430880952381,0,-0.0490735000000001
4684,6.5430880952381,-0.196294,0.0392588000000001
4689,5.5616180952381,0,0
4693,5.5616180952381,0,0
4698,5.5616180952381,0,0
4702,5.5616180952381,0,-0.0490729999999999
4706,5.5616180952381,-0.196292,0.0392583999999999
4711,4.5801580952381,0,0
4715,4.5801580952381,0,0
4720,4.5801580952381,0,-0.1472195
4724,4.5801580952381,-0.588878,0.1177756
4729,1.6357680952381,0,0
4733,1.6357680952381,0,0
4738,1.6357680952381,0,0
4742,1.6357680952381,0,-0.098146
4747,1.6357680952381,-0.49073,0.1226825
4751,-0.327151904761903,0,0
4756,-0.327151904761903,0,0
4760,-0.327151904761903,0,0.098146
4765,-0.327151904761903,0.49073,-0.1226825
4769,1.6357680952381,0,0
4774,1.6357680952381,0,0
4778,1.6357680952381,0,0
4783,1.6357680952381,0,-0.049073
4787,1.6357680952381,-0.196292,0.0392584
4792,0.654308095238097,0,0
4796,0.654308095238097,0,0
4801,0.654308095238097,0,0.1472195
4805,0.654308095238097,0.588878,-0.1177756
4810,3.5986980952381,0,0
4814,3.5986980952381,0,0
4819,3.5986980952381,0,0
4823,3.5986980952381,0,-0.049073
4828,3.5986980952381,-0.245365,0.06134125
4832,2.6172380952381,0,0
4837,2.6172380952381,0,0
4841,2.6172380952381,0,0.049073
4846,2.6172380952381,0.245365,-0.06134125
4850,3.5986980952381,0,0
4854,3.5986980952381,0,0
4859,3.5986980952381,0,0
4863,3.5986980952381,0,-0.1472195
4868,3.5986980952381,-0.7360975,0.184024375
4872,0.654308095238097,0,0
4877,0.654308095238097,0,0
4881,0.654308095238097,0,-0.098146
4886,0.654308095238097,-0.49073,0.1226825
4890,-1.3086119047619,0,0
4895,-1.3086119047619,0,0
4899,-1.3086119047619,0,0
4904,-1.3086119047619,0,-0.0981465
4908,-1.3086119047619,-0.392586,0.0785172
4913,-3.2715419047619,0,0
4917,-3.2715419047619,0,0
4922,-3.2715419047619,0,0.1962925
4926,-3.2715419047619,0.78517,-0.157034
4931,0.654308095238097,0,0
4935,0.654308095238097,0,0
4940,0.654308095238097,0,0
4944,0.654308095238097,0,0.1472195
4949,0.654308095238097,0.7360975,-0.184024375
4953,3.5986980952381,0,0
4958,3.5986980952381,0,0
4962,3.5986980952381,0,0.2453655
4967,3.5986980952381,1.2268275,-0.306706875
4971,8.5060080952381,0,0
4976,8.5060080952381,0,0
4980,8.5060080952381,0,0
4985,8.5060080952381,0,0.0613412499999999
4989,8.5060080952381,0.245365,-0.0613412499999999
4993,9.4874680952381,0,0
4998,9.4874680952381,0,0
5002,9.4874680952381,0,-0.1962925
5007,9.4874680952381,-0.9814625,0.245365625
5011,5.5616180952381,0,0
5016,5.5616180952381,0,0
5020,5.5616180952381,0,0
5025,5.5616180952381,0,-0.0490729999999999
5029,5.5616180952381,-0.196292,0.0392583999999999
5034,4.5801580952381,0,0
5038,4.5801580952381,0,0
5043,4.5801580952381,0,0.0981465
5047,4.5801580952381,0.392586,-0.0785172
5052,6.5430880952381,0,0
5056,6.5430880952381,0,0
5061,6.5430880952381,0,0
5065,6.5430880952381,0,-0.294439
5070,6.5430880952381,-1.472195,0.36804875
5074,0.654308095238097,0,0
5079,0.654308095238097,0,0
5083,0.654308095238097,0,0.049073
5088,0.654308095238097,0.245365,-0.06134125
5092,1.6357680952381,0,0
5097,1.6357680952381,0,0
5101,1.6357680952381,0,0
5106,1.6357680952381,0,0.1962925
5110,1.6357680952381,0.78517,-0.157034
5115,5.5616180952381,0,0
5119,5.5616180952381,0,0
5124,5.5616180952381,0,-0.306706875
5128,5.5616180952381,-1.2268275,0.306706875
5132,0.654308095238097,0,0
5137,0.654308095238097,0,0
5141,0.654308095238097,0,0
5146,0.654308095238097,0,-0.1962925
5150,0.654308095238097,-0.78517,0.157034
5155,-3.2715419047619,0,0
5159,-3.2715419047619,0,0
5164,-3.2715419047619,0,0.1472195
5168,-3.2715419047619,0.588878,-0.1177756
5173,-0.327151904761903,0,0
5177,-0.327151904761903,0,0
5182,-0.327151904761903,0,0
5186,-0.327151904761903,0,0.098146
5191,-0.327151904761903,0.49073,-0.1226825
5195,1.6357680952381,0,0
5200,1.6357680952381,0,0
5204,1.6357680952381,0,0.0490735
5209,1.6357680952381,0.2453675,-0.061341875
5213,2.6172380952381,0,0
5218,2.6172380952381,0,0
5222,2.6172380952381,0,0
5227,2.6172380952381,0,-0.0490735
5231,2.6172380952381,-0.196294,0.0392588
5236,1.6357680952381,0,0
5240,1.6357680952381,0,0
5245,1.6357680952381,0,-0.2944385
5249,1.6357680952381,-1.177754,0.2355508
5254,-4.2530019047619,0,0
5258,-4.2530019047619,0,0
5263,-4.2530019047619,0,0
5267,-4.2530019047619,0,0.1472195
5272,-4.2530019047619,0.7360975,-0.184024375
5276,-1.3086119047619,0,0
5280,-1.3086119047619,0,0
5285,-1.3086119047619,0,0.2944385
5289,-1.3086119047619,1.177754,-0.2355508
5294,4.5801580952381,0,0
5298,4.5801580952381,0,0
5303,4.5801580952381,0,0
5307,4.5801580952381,0,0
5312,4.5801580952381,0,0
5316,4.5801580952381,0,0
5321,4.5801580952381,0,0
5325,4.5801580952381,0,-0.049073
5330,4.5801580952381,-0.245365,0.06134125
5334,3.5986980952381,0,0
5339,3.5986980952381,0,0
5343,3.5986980952381,0,0
5348,3.5986980952381,0,0.0981459999999999
5352,3.5986980952381,0.392584,-0.0785167999999999
5357,5.5616180952381,0,0
5361,5.5616180952381,0,0
5366,5.5616180952381,0,0.1472195
5370,5.5616180952381,0.588878,-0.1177756
5375,8.5060080952381,0,0
5379,8.5060080952381,0,0
5384,8.5060080952381,0,0
5388,8.5060080952381,0,-0.343512
5393,8.5060080952381,-1.71756,0.42939
5397,1.6357680952381,0,0
5402,1.6357680952381,0,0
5406,1.6357680952381,0,0
5411,1.6357680952381,0,0
5415,1.6357680952381,0,0
5419,1.6357680952381,0,0
5424,1.6357680952381,0,0
5428,1.6357680952381,0,0.0490735
5433,1.6357680952381,0.2453675,-0.061341875
5437,2.6172380952381,0,0
5442,2.6172380952381,0,0
5446,2.6172380952381,0,-0.0981465
5451,2.6172380952381,-0.4907325,0.122683125
5455,0.654308095238097,0,0
5460,0.654308095238097,0,0
5464,0.654308095238097,0,0
5469,0.654308095238097,0,0
5473,0.654308095238097,0,0
5478,0.654308095238097,0,0
5482,0.654308095238097,0,0
5487,0.654308095238097,0,-0.392585
5491,0.654308095238097,-1.57034,0.314068
5496,-7.1973919047619,0,0
5500,-7.1973919047619,0,0
5505,-7.1973919047619,0,0
5509,-7.1973919047619,0,-0.098146
5514,-7.1973919047619,-0.49073,0.1226825
5518,-9.1603119047619,0,0
5523,-9.1603119047619,0,0
5527,-9.1603119047619,0,-0.441658
5532,-9.1603119047619,-2.20829,0.5520725
5536,-17.9934719047619,0,0
5541,-17.9934719047619,0,0
5545,-17.9934719047619,0,0
5550,-17.9934719047619,0,0.490731
5554,-17.9934719047619,1.962924,-0.3925848
5559,-8.1788519047619,0,0
5563,-8.1788519047619,0,0
5567,-8.1788519047619,0,0.441658
5572,-8.1788519047619,2.20829,-0.5520725
5576,0.654308095238097,0,0
5581,0.654308095238097,0,0
5585,0.654308095238097,0,0
5590,0.654308095238097,0,0
5594,0.654308095238097,0,0
5599,0.654308095238097,0,0
5603,0.654308095238097,0,0
5608,0.654308095238097,0,0.343512
5612,0.654308095238097,1.374048,-0.2748096
5617,7.5245480952381,0,0
5621,7.5245480952381,0,0
5626,7.5245480952381,0,0
5630,7.5245480952381,0,0.098146
5635,7.5245480952381,0.49073,-0.1226825
5639,9.4874680952381,0,0
5644,9.4874680952381,0,0
5648,9.4874680952381,0,-0.2453655
5653,9.4874680952381,-1.2268275,0.306706875
5657,4.5801580952381,0,0
5662,4.5801580952381,0,0
5666,4.5801580952381,0,0
5671,4.5801580952381,0,0.0490729999999999
5675,4.5801580952381,0.196292,-0.0392583999999999
5680,5.5616180952381,0,0
5684,5.5616180952381,0,0
5689,5.5616180952381,0,-0.78517
5693,5.5616180952381,-3.14068,1.266087
5698,-10.1417819047619,3.189755,-0.79743875
5702,2.6172380952381,0,0
5706,2.6172380952381,0,0
5711,2.6172380952381,0,-0.0490735
5715,2.6172380952381,-0.196294,0.0392588
5720,1.6357680952381,0,0
5724,1.6357680952381,0,0
5729,1.6357680952381,0,0
5733,1.6357680952381,0,-0.2944385
5738,1.6357680952381,-1.4721925,0.368048125
5742,-4.2530019047619,0,0
5747,-4.2530019047619,0,0
5751,-4.2530019047619,0,0.441658
5756,-4.2530019047619,2.20829,-0.5520725
5760,4.5801580952381,0,0
5765,4.5801580952381,0,0
5769,4.5801580952381,0,0
5774,4.5801580952381,0,0.343512
5778,4.5801580952381,1.374048,-0.2748096
5783,11.4503980952381,0,0
5787,11.4503980952381,0,0
5792,11.4503980952381,0,-0.6379505
5796,11.4503980952381,-2.551802,0.5103604
5801,-1.3086119047619,0,0
5805,-1.3086119047619,0,0
5810,-1.3086119047619,0,0
5814,-1.3086119047619,0,-0.294439
5819,-1.3086119047619,-1.472195,0.36804875
5823,-7.1973919047619,0,0
5828,-7.1973919047619,0,0
5832,-7.1973919047619,0,0.5398045
5837,-7.1973919047619,2.6990225,-0.674755625
5841,3.5986980952381,0,0
5846,3.5986980952381,0,0
5850,3.5986980952381,0,0
5854,3.5986980952381,0,0.049073
5859,3.5986980952381,0.245365,-0.06134125
5863,4.5801580952381,0,0
5868,4.5801580952381,0,0
5872,4.5801580952381,0,-0.2453655
5877,4.5801580952381,-1.2268275,0.306706875
5881,-0.327151904761903,0,0
5886,-0.327151904761903,0,0
5890,-0.327151904761903,0,0
5895,-0.327151904761903,0,0.098146
5899,-0.327151904761903,0.392584,-0.0785168
5904,1.6357680952381,0,0
5908,1.6357680952381,0,0
5913,1.6357680952381,0,-0.049073
5917,1.6357680952381,-0.196292,0.0392584
5922,0.654308095238097,0,0
5926,0.654308095238097,0,0
5931,0.654308095238097,0,0
5935,0.654308095238097,0,0.294439
5940,0.654308095238097,1.472195,-0.36804875
5944,6.5430880952381,0,0
5949,6.5430880952381,0,0
5953,6.5430880952381,0,0.147219
5958,6.5430880952381,0.736095,-0.18402375
5962,9.4874680952381,0,0
5967,9.4874680952381,0,0
5971,9.4874680952381,0,0
5976,9.4874680952381,0,-0.392585
5980,9.4874680952381,-1.57034,0.314068
5985,1.6357680952381,0,0
5989,1.6357680952381,0,0
5993,1.6357680952381,0,0.1962925
5998,1.6357680952381,0.9814625,-0.245365625
6002,5.5616180952381,0,0
6007,5.5616180952381,0,0
6011,5.5616180952381,0,0
6016,5.5616180952381,0,-0.1962925
6020,5.5616180952381,-0.78517,0.157034
6025,1.6357680952381,0,0
6029,1.6357680952381,0,0
6034,1.6357680952381,0,-0.098146
6038,1.6357680952381,-0.392584,0.0785168
6043,-0.327151904761903,0,0
6047,-0.327151904761903,0,0
6052,-0.327151904761903,0,0
6056,-0.327151904761903,0,0
6061,-0.327151904761903,0,0
6065,-0.327151904761903,0,0
6070,-0.327151904761903,0,0
6074,-0.327151904761903,0,-0.0981465
6079,-0.327151904761903,-0.4907325,0.122683125
6083,-2.2900819047619,0,0
6088,-2.2900819047619,0,0
6092,-2.2900819047619,0,0
6097,-2.2900819047619,0,0.294439
6101,-2.2900819047619,1.177756,-0.2355512
6106,3.5986980952381,0,0
6110,3.5986980952381,0,0
6115,3.5986980952381,0,0.0981459999999999
6119,3.5986980952381,0.392584,-0.0785167999999999
6124,5.5616180952381,0,0
6128,5.5616180952381,0,0
6132,5.5616180952381,0,0
6137,5.5616180952381,0,0.0981465
6141,5.5616180952381,0.392586,-0.0785172
6146,7.5245480952381,0,0
6150,7.5245480952381,0,0
6155,7.5245480952381,0,-0.2453655
6159,7.5245480952381,-0.981462,0.1962924
6164,2.6172380952381,0,0
6168,2.6172380952381,0,0
6173,2.6172380952381,0,0
6177,2.6172380952381,0,0
6182,2.6172380952381,0,0
6186,2.6172380952381,0,0
6191,2.6172380952381,0,0
6195,2.6172380952381,0,0.098146
6200,2.6172380952381,0.49073,-0.1226825
6204,4.5801580952381,0,0
6209,4.5801580952381,0,0
6213,4.5801580952381,0,0
6218,4.5801580952381,0,0
6222,4.5801580952381,0,0
6227,4.5801580952381,0,0
6231,4.5801580952381,0,0
6236,4.5801580952381,0,-0.1962925
6240,4.5801580952381,-0.78517,0.157034
6245,0.654308095238097,0,0
6249,0.654308095238097,0,0
6254,0.654308095238097,0,0
6258,0.654308095238097,0,0.049073
6263,0.654308095238097,0.245365,-0.06134125
6267,1.6357680952381,0,0
6272,1.6357680952381,0,0
6276,1.6357680952381,0,-0.049073
6280,1.6357680952381,-0.196292,0.0392584
6285,0.654308095238097,0,0
6289,0.654308095238097,0,0
6294,0.654308095238097,0,0
6298,0.654308095238097,0,-0.1962925
6303,0.654308095238097,-0.9814625,0.245365625
6307,-3.2715419047619,0,0
6312,-3.2715419047619,0,0
6316,-3.2715419047619,0,0.1962925
6321,-3.2715419047619,0.9814625,-0.245365625
6325,0.654308095238097,0,0
6330,0.654308095238097,0,0
6334,0.654308095238097,0,0
6339,0.654308095238097,0,0.049073
6343,0.654308095238097,0.196292,-0.0392584
6348,1.6357680952381,0,0
6352,1.6357680952381,0,0
6357,1.6357680952381,0,-0.1962925
6361,1.6357680952381,-0.78517,0.157034
6366,-2.2900819047619,0,0
6370,-2.2900819047619,0,0
6375,-2.2900819047619,0,0
6379,-2.2900819047619,0,-0.049073
6384,-2.2900819047619,-0.245365,0.06134125
6388,-3.2715419047619,0,0
6393,-3.2715419047619,0,0
6397,-3.2715419047619,0,0.1472195
6402,-3.2715419047619,0.7360975,-0.184024375
6406,-0.327151904761903,0,0
6411,-0.327151904761903,0,0
6415,-0.327151904761903,0,0
6419,-0.327151904761903,0,0.2453655
6424,-0.327151904761903,1.2268275,-0.306706875
6428,4.5801580952381,0,0
6433,4.5801580952381,0,0
6437,4.5801580952381,0,-0.1472195
6442,4.5801580952381,-0.7360975,0.184024375
6446,1.6357680952381,0,0
6451,1.6357680952381,0,0
6455,1.6357680952381,0,0
6460,1.6357680952381,0,0.0490735
6464,1.6357680952381,0.196294,-0.0392588
6469,2.6172380952381,0,0
6473,2.6172380952381,0,0
6478,2.6172380952381,0,0.049073
6482,2.6172380952381,0.196292,-0.0392584
6487,3.5986980952381,0,0
6491,3.5986980952381,0,0
6496,3.5986980952381,0,0
6500,3.5986980952381,0,0
6505,3.5986980952381,0,0
6509,3.5986980952381,0,0
6514,3.5986980952381,0,0
6518,3.5986980952381,0,0.0981459999999999
6523,3.5986980952381,0.49073,-0.1226825
6527,5.5616180952381,0,0
6532,5.5616180952381,0,0
6536,5.5616180952381,0,0
6541,5.5616180952381,0,-0.5888775
6545,5.5616180952381,-2.35551,0.471102
6550,-6.2159319047619,0,0
6554,-6.2159319047619,0,0
6559,-6.2159319047619,0,0.3067075
6563,-6.2159319047619,1.22683,-0.3067075
6567,-1.3086119047619,0,0
6572,-1.3086119047619,0,0
6576,-1.3086119047619,0,0
6581,-1.3086119047619,0,-0.245366
6585,-1.3086119047619,-0.981464,0.1962928
6590,-6.2159319047619,0,0
6594,-6.2159319047619,0,0
6599,-6.2159319047619,0,0
6603,-6.2159319047619,0,0
6608,-6.2159319047619,0,0
6612,-6.2159319047619,0,0
6617,-6.2159319047619,0,0
6621,-6.2159319047619,0,0.1472195
6626,-6.2159319047619,0.7360975,-0.184024375
6630,-3.2715419047619,0,0
6635,-3.2715419047619,0,0
6639,-3.2715419047619,0,0.294439
6644,-3.2715419047619,1.472195,-0.36804875
6648,2.6172380952381,0,0
6653,2.6172380952381,0,0
6657,2.6172380952381,0,0
6662,2.6172380952381,0,-0.0490735
6666,2.6172380952381,-0.196294,0.0392588
6671,1.6357680952381,0,0
6675,1.6357680952381,0,0
6680,1.6357680952381,0,0.0490735
6684,1.6357680952381,0.196294,-0.0392588
6689,2.6172380952381,0,0
6693,2.6172380952381,0,0
6698,2.6172380952381,0,0
6702,2.6172380952381,0,0.441658
6706,2.6172380952381,1.766632,-0.3533264
6711,11.4503980952381,0,0
6715,11.4503980952381,0,0
6720,11.4503980952381,0,-0.1962925
6724,11.4503980952381,-0.78517,0.157034
6729,7.5245480952381,0,0
6733,7.5245480952381,0,0
6738,7.5245480952381,0,0
6742,7.5245480952381,0,-0.0981465
6747,7.5245480952381,-0.4907325,0.122683125
6751,5.5616180952381,0,0
6756,5.5616180952381,0,0
6760,5.5616180952381,0,0
6765,5.5616180952381,0,0
6769,5.5616180952381,0,0
6774,5.5616180952381,0,0
6778,5.5616180952381,0,0
6783,5.5616180952381,0,-0.2453655
6787,5.5616180952381,-0.981462,0.1962924
6792,0.654308095238097,0,0
6796,0.654308095238097,0,0
6801,0.654308095238097,0,-0.049073
6805,0.654308095238097,-0.196292,0.0392584
6810,-0.327151904761903,0,0
6814,-0.327151904761903,0,0
6819,-0.327151904761903,0,0
6823,-0.327151904761903,0,0.2944385
6828,-0.327151904761903,1.4721925,-0.368048125
6832,5.5616180952381,0,0
6837,5.5616180952381,0,0
6841,5.5616180952381,0,-0.0981459999999999
6845,5.5616180952381,-0.392584,0.0785167999999999
6850,3.5986980952381,0,0
6854,3.5986980952381,0,0
6859,3.5986980952381,0,0
6863,3.5986980952381,0,-0.2453655
6868,3.5986980952381,-1.2268275,0.306706875
6872,-1.3086119047619,0,0
6877,-1.3086119047619,0,0
6881,-1.3086119047619,0,-0.0490735
6886,-1.3086119047619,-0.2453675,0.061341875
6890,-2.2900819047619,0,0
6895,-2.2900819047619,0,0
6899,-2.2900819047619,0,0
6904,-2.2900819047619,0,0.0490735
6908,-2.2900819047619,0.196294,-0.0392588
6913,-1.3086119047619,0,0
6917,-1.3086119047619,0,0
6922,-1.3086119047619,0,0.2944385
6926,-1.3086119047619,1.177754,-0.2355508
6931,4.5801580952381,0,0
6935,4.5801580952381,0,0
6940,4.5801580952381,0,0
6944,4.5801580952381,0,0.2453655
6949,4.5801580952381,1.2268275,-0.306706875
6953,9.4874680952381,0,0
6958,9.4874680952381,0,0
6962,9.4874680952381,0,0
6967,9.4874680952381,0,0
6971,9.4874680952381,0,0
6976,9.4874680952381,0,0
6980,9.4874680952381,0,0
6985,9.4874680952381,0,-0.5520725
6989,9.4874680952381,-2.20829,0.5520725
6993,0.654308095238097,0,0
6998,0.654308095238097,0,0
7002,0.654308095238097,0,-0.1962925
7007,0.654308095238097,-0.9814625,0.245365625
7011,-3.2715419047619,0,0
7016,-3.2715419047619,0,0
7020,-3.2715419047619,0,0
7025,-3.2715419047619,0,0.2453655
7029,-3.2715419047619,0.981462,-0.1962924
7034,1.6357680952381,0,0
7038,1.6357680952381,0,0
7043,1.6357680952381,0,-0.049073
7047,1.6357680952381,-0.196292,0.0392584
7052,0.654308095238097,0,0
7056,0.654308095238097,0,0
7061,0.654308095238097,0,0
7065,0.654308095238097,0,0.0981465
7070,0.654308095238097,0.4907325,-0.122683125
7074,2.6172380952381,0,0
7079,2.6172380952381,0,0
7083,2.6172380952381,0,0
7088,2.6172380952381,0,0
7092,2.6172380952381,0,0
7097,2.6172380952381,0,0
7101,2.6172380952381,0,0
7106,2.6172380952381,0,-0.1472195
7110,2.6172380952381,-0.588878,0.1177756
7115,-0.327151904761903,0,0
7119,-0.327151904761903,0,0
7124,-0.327151904761903,0,0.1226825
7128,-0.327151904761903,0.49073,-0.1226825
7132,1.6357680952381,0,0
7137,1.6357680952381,0,0
7141,1.6357680952381,0,0
7146,1.6357680952381,0,0.0981465
7150,1.6357680952381,0.392586,-0.0785172
7155,3.5986980952381,0,0
7159,3.5986980952381,0,0
7164,3.5986980952381,0,0.1962925
7168,3.5986980952381,0.78517,-0.157034
7173,7.5245480952381,0,0
7177,7.5245480952381,0,0
7182,7.5245480952381,0,0
7186,7.5245480952381,0,-0.2453655
7191,7.5245480952381,-1.2268275,0.306706875
7195,2.6172380952381,0,0
7200,2.6172380952381,0,0
7204,2.6172380952381,0,0
7209,2.6172380952381,0,0
7213,2.6172380952381,0,0
7218,2.6172380952381,0,0
7222,2.6172380952381,0,0
7227,2.6172380952381,0,-0.343512
7231,2.6172380952381,-1.374048,0.2748096
7236,-4.2530019047619,0,0
7240,-4.2530019047619,0,0
7245,-4.2530019047619,0,0.5398045
7249,-4.2530019047619,2.159218,-0.4318436
7254,6.5430880952381,0,0
7258,6.5430880952381,0,0
7263,6.5430880952381,0,0
7267,6.5430880952381,0,-0.1472195
7271,6.5430880952381,-0.588878,0.1177756
7276,3.5986980952381,0,0
7280,3.5986980952381,0,0
7285,3.5986980952381,0,-0.0981465
7289,3.5986980952381,-0.392586,0.0785172
7294,1.6357680952381,0,0
7298,1.6357680952381,0,0
7303,1.6357680952381,0,0
7307,1.6357680952381,0,-0.147219
7312,1.6357680952381,-0.736095,0.18402375
7316,-1.3086119047619,0,0
7321,-1.3086119047619,0,0
7325,-1.3086119047619,0,0.2453655
7330,-1.3086119047619,1.2268275,-0.306706875
7334,3.5986980952381,0,0
7339,3.5986980952381,0,0
7343,3.5986980952381,0,0
7348,3.5986980952381,0,-6.67841589548176e-05
7352,3.5986980952381,-0.00026713663581927,-3.63550130401838e-08
4,5.5616180952381,0,0
8,5.5616180952381,0,0
13,5.5616180952381,0,-0.2944385
17,5.5616180952381,-1.177754,0.2355508
22,-0.327151904761903,0,0
26,-0.327151904761903,0,0
31,-0.327151904761903,0,0
35,-0.327151904761903,0,-0.1472195
40,-0.327151904761903,-0.7360975,0.184024375
44,-3.2715419047619,0,0
49,-3.2715419047619,0,0
53,-3.2715419047619,0,0
58,-3.2715419047619,0,0
62,-3.2715419047619,0,0
66,-3.2715419047619,0,0
71,-3.2715419047619,0,0
75,-3.2715419047619,0,-0.049073
80,-3.2715419047619,-0.245365,0.06134125
84,-4.2530019047619,0,0
89,-4.2530019047619,0,0
93,-4.2530019047619,0,0.441658
98,-4.2530019047619,2.20829,-0.5520725
102,4.5801580952381,0,0
107,4.5801580952381,0,0
111,4.5801580952381,0,0
116,4.5801580952381,0,0.0490729999999999
120,4.5801580952381,0.196292,-0.0392583999999999
125,5.5616180952381,0,0
129,5.5616180952381,0,0
134,5.5616180952381,0,-0.1962925
138,5.5616180952381,-0.78517,0.157034
143,1.6357680952381,0,0
147,1.6357680952381,0,0
152,1.6357680952381,0,0
156,1.6357680952381,0,-0.147219
161,1.6357680952381,-0.736095,0.18402375
165,-1.3086119047619,0,0
170,-1.3086119047619,0,0
174,-1.3086119047619,0,-0.1472195
179,-1.3086119047619,-0.7360975,0.184024375
183,-4.2530019047619,0,0
188,-4.2530019047619,0,0
192,-4.2530019047619,0,0
197,-4.2530019047619,0,0.306706875
201,-4.2530019047619,1.2268275,-0.306706875
205,0.654308095238097,0,0
210,0.654308095238097,0,0
214,0.654308095238097,0,0.294439
219,0.654308095238097,1.472195,-0.36804875
223,6.5430880952381,0,0
228,6.5430880952381,0,0
232,6.5430880952381,0,0
237,6.5430880952381,0,0.147219
241,6.5430880952381,0.588876,-0.1177752
246,9.4874680952381,0,0
250,9.4874680952381,0,0
255,9.4874680952381,0,-0.2944385
259,9.4874680952381,-1.177754,0.2355508
264,3.5986980952381,0,0
268,3.5986980952381,0,0
273,3.5986980952381,0,0
277,3.5986980952381,0,-0.049073
282,3.5986980952381,-0.245365,0.06134125
286,2.6172380952381,0,0
291,2.6172380952381,0,0
295,2.6172380952381,0,0
300,2.6172380952381,0,0
304,2.6172380952381,0,0
309,2.6172380952381,0,0
313,2.6172380952381,0,0
318,2.6172380952381,0,0.049073
322,2.6172380952381,0.196292,-0.0392584
327,3.5986980952381,0,0
331,3.5986980952381,0,0
336,3.5986980952381,0,-0.122683125
340,3.5986980952381,-0.4907325,0.122683125
344,1.6357680952381,0,0
349,1.6357680952381,0,0
353,1.6357680952381,0,0
358,1.6357680952381,0,-0.098146
362,1.6357680952381,-0.392584,0.0785168
367,-0.327151904761903,0,0
371,-0.327151904761903,0,0
376,-0.327151904761903,0,0.098146
380,-0.327151904761903,0.392584,-0.0785168
385,1.6357680952381,0,0
389,1.6357680952381,0,0
394,1.6357680952381,0,0
398,1.6357680952381,0,0
403,1.6357680952381,0,0
407,1.6357680952381,0,0
412,1.6357680952381,0,0
416,1.6357680952381,0,-0.147219
421,1.6357680952381,-0.736095,0.18402375
425,-1.3086119047619,0,0
430,-1.3086119047619,0,0
434,-1.3086119047619,0,0
439,-1.3086119047619,0,0
443,-1.3086119047619,0,0
448,-1.3086119047619,0,0
452,-1.3086119047619,0,0
457,-1.3086119047619,0,0.098146
461,-1.3086119047619,0.392584,-0.0785168
466,0.654308095238097,0,0
470,0.654308095238097,0,0
475,0.654308095238097,0,0
479,0.654308095238097,0,0.1472195
483,0.654308095238097,0.588878,-0.1177756
488,3.5986980952381,0,0
492,3.5986980952381,0,0
497,3.5986980952381,0,-0.2453655
501,3.5986980952381,-0.981462,0.1962924
506,-1.3086119047619,0,0
510,-1.3086119047619,0,0
515,-1.3086119047619,0,0
519,-1.3086119047619,0,0.049073
524,-1.3086119047619,0.245365,-0.06134125
528,-0.327151904761903,0,0
533,-0.327151904761903,0,0
537,-0.327151904761903,0,0.1962925
542,-0.327151904761903,0.9814625,-0.245365625
546,3.5986980952381,0,0
551,3.5986980952381,0,0
555,3.5986980952381,0,0
560,3.5986980952381,0,-0.1962925
564,3.5986980952381,-0.78517,0.157034
569,-0.327151904761903,0,0
573,-0.327151904761903,0,0
578,-0.327151904761903,0,-0.294439
582,-0.327151904761903,-1.177756,0.2355512
587,-6.2159319047619,0,0
591,-6.2159319047619,0,0
596,-6.2159319047619,0,0
600,-6.2159319047619,0,0.392585
605,-6.2159319047619,1.962925,-0.49073125
609,1.6357680952381,0,0
614,1.6357680952381,0,0
618,1.6357680952381,0,-0.1962925
622,1.6357680952381,-0.78517,0.157034
627,-2.2900819047619,0,0
631,-2.2900819047619,0,0
636,-2.2900819047619,0,0
640,-2.2900819047619,0,0.1472195
645,-2.2900819047619,0.7360975,-0.184024375
649,0.654308095238097,0,0
654,0.654308095238097,0,0
658,0.654308095238097,0,0.1472195
663,0.654308095238097,0.7360975,-0.184024375
667,3.5986980952381,0,0
672,3.5986980952381,0,0
676,3.5986980952381,0,0
681,3.5986980952381,0,-0.049073
685,3.5986980952381,-0.196292,0.0392584
690,2.6172380952381,0,0
694,2.6172380952381,0,0
699,2.6172380952381,0,-0.294439
703,2.6172380952381,-1.177756,0.2355512
708,-3.2715419047619,0,0
712,-3.2715419047619,0,0
717,-3.2715419047619,0,0
721,-3.2715419047619,0,0.0981465
726,-3.2715419047619,0.4907325,-0.122683125
730,-1.3086119047619,0,0
735,-1.3086119047619,0,0
739,-1.3086119047619,0,-0.0490735
744,-1.3086119047619,-0.2453675,0.061341875
748,-2.2900819047619,0,0
753,-2.2900819047619,0,0
757,-2.2900819047619,0,0
762,-2.2900819047619,0,0.3067075
766,-2.2900819047619,1.22683,-0.3067075
770,2.6172380952381,0,0
775,2.6172380952381,0,0
779,2.6172380952381,0,0.3435115
784,2.6172380952381,1.7175575,-0.429389375
788,9.4874680952381,0,0
793,9.4874680952381,0,0
797,9.4874680952381,0,0
802,9.4874680952381,0,-0.2453655
806,9.4874680952381,-0.981462,0.1962924
811,4.5801580952381,0,0
815,4.5801580952381,0,0
820,4.5801580952381,0,-0.2453655
824,4.5801580952381,-0.981462,0.1962924
829,-0.327151904761903,0,0
833,-0.327151904761903,0,0
838,-0.327151904761903,0,0
842,-0.327151904761903,0,-0.2453655
847,-0.327151904761903,-1.2268275,0.306706875
851,-5.2344619047619,0,0
856,-5.2344619047619,0,0
860,-5.2344619047619,0,-0.343512
865,-5.2344619047619,-1.71756,0.42939
869,-12.1047019047619,0,0
874,-12.1047019047619,0,0
878,-12.1047019047619,0,0
883,-12.1047019047619,0,-0.883316
887,-12.1047019047619,-3.533264,0.7066528
892,-29.7710219047619,0,0
896,-29.7710219047619,0,0
901,-29.7710219047619,0,-3.067070625
905,-29.7710219047619,-12.2682825,3.067070625
909,-78.8441519047619,0,0
914,-78.8441519047619,0,0
918,-78.8441519047619,0,0
923,-78.8441519047619,0,-5.398043
927,-78.8441519047619,-21.592172,4.3184344
932,-186.805011904762,0,0
936,-186.805011904762,0,0
941,-186.805011904762,0,-7.802627
945,-186.805011904762,-31.210508,6.2421016
950,-342.857551904762,0,0
954,-342.857551904762,0,0
959,-342.857551904762,0,0
963,-342.857551904762,0,-9.3238915
968,-342.857551904762,-46.6194575,11.654864375
972,-529.335381904762,0,0
977,-529.335381904762,0,0
981,-529.335381904762,0,0.343511999999998
986,-529.335381904762,1.71755999999999,-0.429389999999998
990,-522.465141904762,0,0
995,-522.465141904762,0,0
999,-522.465141904762,0,0
1004,-522.465141904762,0,5.6434085
1008,-522.465141904762,22.573634,-4.5147268
1013,-409.596971904762,0,0
1017,-409.596971904762,0,0
1022,-409.596971904762,0,13.4460345
1026,-409.596971904762,53.784138,-10.7568276
1031,-140.676281904762,0,0
1035,-140.676281904762,0,0
1040,-140.676281904762,0,0
1044,-140.676281904762,0,9.8636975
1048,-140.676281904762,39.45479,-7.890958
1053,56.5976680952381,0,0
1057,56.5976680952381,0,0
1062,56.5976680952381,0,3.876777
1066,56.5976680952381,15.507108,-3.1014216
1071,134.133208095238,0,0
1075,134.133208095238,0,0
1080,134.133208095238,0,0
1084,134.133208095238,0,6.0359935
1089,134.133208095238,30.1799675,-7.544991875
1093,254.853078095238,0,0
1098,254.853078095238,0,0
1102,254.853078095238,0,5.1526775
1107,254.853078095238,25.7633875,-6.440846875
1111,357.906628095238,0,0
1116,357.906628095238,0,0
1120,357.906628095238,0,0
1125,357.906628095238,0,3.7786315
1129,357.906628095238,15.114526,-3.0229052
1134,433.479258095238,0,0
1138,433.479258095238,0,0
1143,433.479258095238,0,1.864778
1147,433.479258095238,7.459112,-1.4918224
1152,470.774818095238,0,0
1156,470.774818095238,0,0
1161,470.774818095238,0,0
1165,470.774818095238,0,-0.637950000000001
1170,470.774818095238,-3.18975,0.797437500000001
1174,458.015818095238,0,0
1179,458.015818095238,0,0
1183,458.015818095238,0,-2.404584
1188,458.015818095238,-12.02292,3.00573
1192,409.924138095238,0,0
1196,409.924138095238,0,0
1201,409.924138095238,0,0
1205,409.924138095238,0,-0.441657499999999
1210,409.924138095238,-2.2082875,0.552071874999999
1214,401.090988095238,0,0
1219,401.090988095238,0,0
1223,401.090988095238,0,-3.876777
1228,401.090988095238,-19.383885,4.84597125
1232,323.555448095238,0,0
1237,323.555448095238,0,0
1241,323.555448095238,0,0
1246,323.555448095238,0,-4.4165805
1250,323.555448095238,-17.666322,3.5332644
1255,235.223838095238,0,0
1259,235.223838095238,0,0
1264,235.223838095238,0,-2.35551
1268,235.223838095238,-9.42204,1.884408
1273,188.113638095238,0,0
1277,188.113638095238,0,0
1282,188.113638095238,0,0
1286,188.113638095238,0,-6.723018
1291,188.113638095238,-33.61509,8.4037725
1295,53.6532780952381,0,0
1300,53.6532780952381,0,0
1304,53.6532780952381,0,-7.6063335
1309,53.6532780952381,-38.0316675,9.507916875
1313,-98.4733919047619,0,0
1318,-98.4733919047619,0,0
1322,-98.4733919047619,0,0
1327,-98.4733919047619,0,-1.717559375
1331,-98.4733919047619,-6.87023749999999,1.717559375
1335,-125.954341904762,0,0
1340,-125.954341904762,0,0
1344,-125.954341904762,0,-1.962925
1349,-125.954341904762,-9.814625,2.45365625
1353,-165.212841904762,0,0
1358,-165.212841904762,0,0
1362,-165.212841904762,0,0
1367,-165.212841904762,0,-4.71102
1371,-165.212841904762,-18.84408,3.768816
1376,-259.433241904762,0,0
1380,-259.433241904762,0,0
1385,-259.433241904762,0,-1.0796075
1389,-259.433241904762,-4.31842999999999,0.863685999999998
1394,-281.025391904762,0,0
1398,-281.025391904762,0,0
1403,-281.025391904762,0,0
1407,-281.025391904762,0,0.392583499999998
1412,-281.025391904762,1.96291749999999,-0.490729374999997
1416,-273.173721904762,0,0
1421,-273.173721904762,0,0
1425,-273.173721904762,0,1.71756
1430,-273.173721904762,8.58780000000001,-2.14695
1434,-238.822521904762,0,0
1439,-238.822521904762,0,0
1443,-238.822521904762,0,0
1448,-238.822521904762,0,1.619413
1452,-238.822521904762,6.477652,-1.2955304
1457,-206.434261904762,0,0
1461,-206.434261904762,0,0
1466,-206.434261904762,0,2.944387
1470,-206.434261904762,11.777548,-2.3555096
1475,-147.546521904762,0,0
1479,-147.546521904762,0,0
1483,-147.546521904762,0,0
1488,-147.546521904762,0,2.1592175
1492,-147.546521904762,8.63687,-1.727374
1497,-104.362171904762,0,0
1501,-104.362171904762,0,0
1506,-104.362171904762,0,2.6499485
1510,-104.362171904762,10.599794,-2.1199588
1515,-51.3632019047619,0,0
1519,-51.3632019047619,0,0
1524,-51.3632019047619,0,0
1528,-51.3632019047619,0,2.6499485
1533,-51.3632019047619,13.2497425,-3.312435625
1537,1.6357680952381,0,0
1542,1.6357680952381,0,0
1546,1.6357680952381,0,1.815706
1551,1.6357680952381,9.07853,-2.2696325
1555,37.9498880952381,0,0
1560,37.9498880952381,0,0
1564,37.9498880952381,0,0
1569,37.9498880952381,0,2.7971675
1573,37.9498880952381,11.18867,-2.237734
1578,93.8932380952381,0,0
1582,93.8932380952381,0,0
1587,93.8932380952381,0,2.257364
1591,93.8932380952381,9.029456,-1.8058912
1596,139.040518095238,0,0
1600,139.040518095238,0,0
1605,139.040518095238,0,0
1609,139.040518095238,0,1.9138515
1614,139.040518095238,9.5692575,-2.392314375
1618,177.317548095238,0,0
1622,177.317548095238,0,0
1627,177.317548095238,0,0.392585000000001
1631,177.317548095238,1.57034,-0.314068000000001
1636,185.169248095238,0,0
1640,185.169248095238,0,0
1645,185.169248095238,0,0
1649,185.169248095238,0,-1.4231205
1654,185.169248095238,-7.1156025,1.778900625
1658,156.706838095238,0,0
1663,156.706838095238,0,0
1667,156.706838095238,0,-1.4721935
1672,156.706838095238,-7.3609675,1.840241875
1676,127.262968095238,0,0
1681,127.262968095238,0,0
1685,127.262968095238,0,0
1690,127.262968095238,0,-0.981462500000001
1694,127.262968095238,-3.92585,0.785170000000001
1699,107.633718095238,0,0
1703,107.633718095238,0,0
1708,107.633718095238,0,-1.57034
1712,107.633718095238,-6.28136,1.354418
1717,76.2269180952381,0.490729999999999,-0.1226825
1721,78.1898380952381,0,0
1726,78.1898380952381,0,0
1730,78.1898380952381,0,-1.42312
1735,78.1898380952381,-7.1156,1.7789
1739,49.7274380952381,0,0
1744,49.7274380952381,0,0
1748,49.7274380952381,0,-0.78517
1753,49.7274380952381,-3.92585,0.0613412500000001
1757,34.0240380952381,-3.680485,0.92012125
1761,19.3020980952381,0,0
1766,19.3020980952381,0,0
1770,19.3020980952381,0,-0.9323895
1775,19.3020980952381,-4.6619475,1.165486875
1779,0.654308095238097,0,0
1784,0.654308095238097,0,0
1788,0.654308095238097,0,-1.57034
1793,0.654308095238097,-7.8517,1.962925
1797,-30.7524919047619,0,0
1802,-30.7524919047619,0,0
1806,-30.7524919047619,0,0
1811,-30.7524919047619,0,-1.226828
1815,-30.7524919047619,-4.907312,0.9814624
1820,-55.2890519047619,0,0
1824,-55.2890519047619,0,0
1829,-55.2890519047619,0,-1.57034
1833,-55.2890519047619,-6.28136,1.648857
1838,-86.6958519047619,1.962925,-0.49073125
1842,-78.8441519047619,0,0
1847,-78.8441519047619,0,0
1851,-78.8441519047619,0,-0.588877000000001
1856,-78.8441519047619,-2.944385,0.736096250000001
1860,-90.6216919047619,0,0
1865,-90.6216919047619,0,0
1869,-90.6216919047619,0,0
1874,-90.6216919047619,0,0.441657500000001
1878,-90.6216919047619,1.76663,-0.353326000000001
1883,-81.7885419047619,0,0
1887,-81.7885419047619,0,0
1892,-81.7885419047619,0,0.637951
1896,-81.7885419047619,2.551804,-0.5103608
1901,-69.0295219047619,0,0
1905,-69.0295219047619,0,0
1909,-69.0295219047619,0,0
1914,-69.0295219047619,0,1.275901
1918,-69.0295219047619,5.103604,-1.0207208
1923,-43.5115019047619,0,0
1927,-43.5115019047619,0,0
1932,-43.5115019047619,0,0.8833165
1936,-43.5115019047619,3.533266,-0.7066532
1941,-25.8451719047619,0,0
1945,-25.8451719047619,0,0
1950,-25.8451719047619,0,0
1954,-25.8451719047619,0,0.7360965
1959,-25.8451719047619,3.6804825,-0.920120625
1963,-11.1232419047619,0,0
1968,-11.1232419047619,0,0
1972,-11.1232419047619,0,0.8833165
1977,-11.1232419047619,4.4165825,-1.104145625
1981,6.5430880952381,0,0
1986,6.5430880952381,0,0
1990,6.5430880952381,0,0
1995,6.5430880952381,0,0.932389
1999,6.5430880952381,3.729556,-0.7459112
2004,25.1908680952381,0,0
2008,25.1908680952381,0,0
2013,25.1908680952381,0,0.294439
2017,25.1908680952381,1.177756,-0.2355512
2022,31.0796480952381,0,0
2026,31.0796480952381,0,0
2031,31.0796480952381,0,0
2035,31.0796480952381,0,0.2944385
2040,31.0796480952381,1.4721925,-0.368048125
2044,36.9684180952381,0,0
2048,36.9684180952381,0,0
2053,36.9684180952381,0,0.245366
2057,36.9684180952381,0.981464,-0.1962928
2062,41.8757380952381,0,0
2066,41.8757380952381,0,0
2071,41.8757380952381,0,0
2075,41.8757380952381,0,-0.5888775
2080,41.8757380952381,-2.9443875,0.736096875
2084,30.0981880952381,0,0
2089,30.0981880952381,0,0
2093,30.0981880952381,0,-0.392585
2098,30.0981880952381,-1.962925,0.49073125
2102,22.2464880952381,0,0
2107,22.2464880952381,0,0
2111,22.2464880952381,0,0
2116,22.2464880952381,0,-0.687024
2120,22.2464880952381,-2.748096,0.5496192
2125,8.5060080952381,0,0
2129,8.5060080952381,0,0
2134,8.5060080952381,0,-0.392585
2138,8.5060080952381,-1.57034,0.314068
2143,0.654308095238097,0,0
2147,0.654308095238097,0,0
2152,0.654308095238097,0,0
2156,0.654308095238097,0,-0.2944385
2161,0.654308095238097,-1.4721925,0.368048125
2165,-5.2344619047619,0,0
2170,-5.2344619047619,0,0
2174,-5.2344619047619,0,0
2179,-5.2344619047619,0,0
2183,-5.2344619047619,0,0
2188,-5.2344619047619,0,0
2192,-5.2344619047619,0,0
2196,-5.2344619047619,0,0.147219
2201,-5.2344619047619,0.736095,-0.18402375
2205,-2.2900819047619,0,0
2210,-2.2900819047619,0,0
2214,-2.2900819047619,0,0.294439
2219,-2.2900819047619,1.472195,-0.36804875
2223,3.5986980952381,0,0
2228,3.5986980952381,0,0
2232,3.5986980952381,0,0
2237,3.5986980952381,0,0.5398045
2241,3.5986980952381,2.159218,-0.4318436
2246,14.3947880952381,0,0
2250,14.3947880952381,0,0
2255,14.3947880952381,0,-0.392585
2259,14.3947880952381,-1.57034,0.314068
2264,6.5430880952381,0,0
2268,6.5430880952381,0,0
2273,6.5430880952381,0,0
2277,6.5430880952381,0,-0.5398045
2282,6.5430880952381,-2.6990225,0.674755625
2286,-4.2530019047619,0,0
2291,-4.2530019047619,0,0
2295,-4.2530019047619,0,0.049073
2300,-4.2530019047619,0.245365,-0.06134125
2304,-3.2715419047619,0,0
2309,-3.2715419047619,0,0
2313,-3.2715419047619,0,0
2318,-3.2715419047619,0,0.441658
2322,-3.2715419047619,1.766632,-0.3533264
2327,5.5616180952381,0,0
2331,5.5616180952381,0,0
2335,5.5616180952381,0,-0.0981459999999999
2340,5.5616180952381,-0.49073,0.1226825
2344,3.5986980952381,0,0
2349,3.5986980952381,0,0
2353,3.5986980952381,0,0
2358,3.5986980952381,0,-0.343512
2362,3.5986980952381,-1.374048,0.2748096
2367,-3.2715419047619,0,0
2371,-3.2715419047619,0,0
2376,-3.2715419047619,0,0.1472195
2380,-3.2715419047619,0.588878,-0.1177756
2385,-0.327151904761903,0,0
2389,-0.327151904761903,0,0
2394,-0.327151904761903,0,0
2398,-0.327151904761903,0,-0.294439
2403,-0.327151904761903,-1.472195,0.36804875
2407,-6.2159319047619,0,0
2412,-6.2159319047619,0,0
2416,-6.2159319047619,0,0.0490735
2421,-6.2159319047619,0.2453675,-0.061341875
2425,-5.2344619047619,0,0
2430,-5.2344619047619,0,0
2434,-5.2344619047619,0,0
2439,-5.2344619047619,0,0.2453655
2443,-5.2344619047619,0.981462,-0.1962924
2448,-0.327151904761903,0,0
2452,-0.327151904761903,0,0
2457,-0.327151904761903,0,0.049073
2461,-0.327151904761903,0.196292,-0.0392584
2466,0.654308095238097,0,0
2470,0.654308095238097,0,0
2474,0.654308095238097,0,0
2479,0.654308095238097,0,0.2453655
2483,0.654308095238097,0.981462,-0.1962924
2488,5.5616180952381,0,0
2492,5.5616180952381,0,0
2497,5.5616180952381,0,-0.1962925
2501,5.5616180952381,-0.78517,0.157034
2506,1.6357680952381,0,0
2510,1.6357680952381,0,0
2515,1.6357680952381,0,0
2519,1.6357680952381,0,0.0490735
2524,1.6357680952381,0.2453675,-0.061341875
2528,2.6172380952381,0,0
2533,2.6172380952381,0,0
2537,2.6172380952381,0,-0.1472195
2542,2.6172380952381,-0.7360975,0.184024375
2546,-0.327151904761903,0,0
2551,-0.327151904761903,0,0
2555,-0.327151904761903,0,0
2560,-0.327151904761903,0,-0.1472195
2564,-0.327151904761903,-0.588878,0.1177756
2569,-3.2715419047619,0,0
2573,-3.2715419047619,0,0
2578,-3.2715419047619,0,0.0981465
2582,-3.2715419047619,0.392586,-0.0785172
2587,-1.3086119047619,0,0
2591,-1.3086119047619,0,0
2596,-1.3086119047619,0,0
2600,-1.3086119047619,0,0.049073
2605,-1.3086119047619,0.245365,-0.06134125
2609,-0.327151904761903,0,0
2614,-0.327151904761903,0,0
2618,-0.327151904761903,0,-0.049073
2622,-0.327151904761903,-0.196292,0.0392584
2627,-1.3086119047619,0,0
2631,-1.3086119047619,0,0
2636,-1.3086119047619,0,0
2640,-1.3086119047619,0,0.098146
2645,-1.3086119047619,0.49073,-0.1226825
2649,0.654308095238097,0,0
2654,0.654308095238097,0,0
2658,0.654308095238097,0,-0.1472195
2663,0.654308095238097,-0.7360975,0.184024375
2667,-2.2900819047619,0,0
2672,-2.2900819047619,0,0
2676,-2.2900819047619,0,0
2681,-2.2900819047619,0,-0.049073
2685,-2.2900819047619,-0.196292,0.0392584
2690,-3.2715419047619,0,0
2694,-3.2715419047619,0,0
2699,-3.2715419047619,0,0.392585
2703,-3.2715419047619,1.57034,-0.314068
2708,4.5801580952381,0,0
2712,4.5801580952381,0,0
2717,4.5801580952381,0,0
2721,4.5801580952381,0,-0.736097
2726,4.5801580952381,-3.680485,0.92012125
2730,-10.1417819047619,0,0
2735,-10.1417819047619,0,0
2739,-10.1417819047619,0,0.343512
2744,-10.1417819047619,1.71756,-0.42939
2748,-3.2715419047619,0,0
2753,-3.2715419047619,0,0
2757,-3.2715419047619,0,0
2761,-3.2715419047619,0,0.343512
2766,-3.2715419047619,1.71756,-0.42939
2770,3.5986980952381,0,0
2775,3.5986980952381,0,0
2779,3.5986980952381,0,0
2784,3.5986980952381,0,0
2788,3.5986980952381,0,0
2793,3.5986980952381,0,0
2797,3.5986980952381,0,0
2802,3.5986980952381,0,-0.343512
2806,3.5986980952381,-1.374048,0.2748096
2811,-3.2715419047619,0,0
2815,-3.2715419047619,0,0
2820,-3.2715419047619,0,0.2453655
2824,-3.2715419047619,0.981462,-0.1962924
2829,1.6357680952381,0,0
2833,1.6357680952381,0,0
2838,1.6357680952381,0,0
2842,1.6357680952381,0,0
2847,1.6357680952381,0,0
2851,1.6357680952381,0,0
2856,1.6357680952381,0,0
2860,1.6357680952381,0,0.0981465
2865,1.6357680952381,0.4907325,-0.122683125
2869,3.5986980952381,0,0
2874,3.5986980952381,0,0
2878,3.5986980952381,0,0
2883,3.5986980952381,0,-0.1962925
2887,3.5986980952381,-0.78517,0.157034
2892,-0.327151904761903,0,0
2896,-0.327151904761903,0,0
2900,-0.327151904761903,0,0.049073
2905,-0.327151904761903,0.245365,-0.06134125
2909,0.654308095238097,0,0
2914,0.654308095238097,0,0
2918,0.654308095238097,0,0
2923,0.654308095238097,0,0.049073
2927,0.654308095238097,0.196292,-0.0392584
2932,1.6357680952381,0,0
2936,1.6357680952381,0,0
2941,1.6357680952381,0,-0.392585
2945,1.6357680952381,-1.57034,0.314068
2950,-6.2159319047619,0,0
2954,-6.2159319047619,0,0
2959,-6.2159319047619,0,0
2963,-6.2159319047619,0,0.1472195
2968,-6.2159319047619,0.7360975,-0.184024375
2972,-3.2715419047619,0,0
2977,-3.2715419047619,0,0
2981,-3.2715419047619,0,0.343512
2986,-3.2715419047619,1.71756,-0.42939
2990,3.5986980952381,0,0
2995,3.5986980952381,0,0
2999,3.5986980952381,0,0
3004,3.5986980952381,0,0.2453655
3008,3.5986980952381,0.981462,-0.1962924
3013,8.5060080952381,0,0
3017,8.5060080952381,0,0
3022,8.5060080952381,0,-0.2944385
3026,8.5060080952381,-1.177754,0.2355508
3031,2.6172380952381,0,0
3035,2.6172380952381,0,0
3040,2.6172380952381,0,0
3044,2.6172380952381,0,0
3048,2.6172380952381,0,0
3053,2.6172380952381,0,0
3057,2.6172380952381,0,0
3062,2.6172380952381,0,-0.1472195
3066,2.6172380952381,-0.588878,0.1177756
3071,-0.327151904761903,0,0
3075,-0.327151904761903,0,0
3080,-0.327151904761903,0,0
3084,-0.327151904761903,0,0
3089,-0.327151904761903,0,0
3093,-0.327151904761903,0,0
3098,-0.327151904761903,0,0
3102,-0.327151904761903,0,-0.049073
3107,-0.327151904761903,-0.245365,0.06134125
3111,-1.3086119047619,0,0
3116,-1.3086119047619,0,0
3120,-1.3086119047619,0,0
3125,-1.3086119047619,0,0.2453655
3129,-1.3086119047619,0.981462,-0.1962924
3134,3.5986980952381,0,0
3138,3.5986980952381,0,0
3143,3.5986980952381,0,0.441658
3147,3.5986980952381,1.766632,-0.3533264
3152,12.4318580952381,0,0
3156,12.4318580952381,0,0
3161,12.4318580952381,0,0
3165,12.4318580952381,0,-0.0490730000000001
3170,12.4318580952381,-0.245365,0.0613412500000001
3174,11.4503980952381,0,0
3179,11.4503980952381,0,0
3183,11.4503980952381,0,-0.5888775
3187,11.4503980952381,-2.35551,0.471102
3192,-0.327151904761903,0,0
3196,-0.327151904761903,0,0
3201,-0.327151904761903,0,0
3205,-0.327151904761903,0,-0.1472195
3210,-0.327151904761903,-0.7360975,0.184024375
3214,-3.2715419047619,0,0
3219,-3.2715419047619,0,0
3223,-3.2715419047619,0,0.0981465
3228,-3.2715419047619,0.4907325,-0.122683125
3232,-1.3086119047619,0,0
3237,-1.3086119047619,0,0
3241,-1.3086119047619,0,0
3246,-1.3086119047619,0,-0.0490735
3250,-1.3086119047619,-0.196294,0.0392588
3255,-2.2900819047619,0,0
3259,-2.2900819047619,0,0
3264,-2.2900819047619,0,0.343512
3268,-2.2900819047619,1.374048,-0.2748096
3273,4.5801580952381,0,0
3277,4.5801580952381,0,0
3282,4.5801580952381,0,0
3286,4.5801580952381,0,0.1962925
3291,4.5801580952381,0.9814625,-0.245365625
3295,8.5060080952381,0,0
3300,8.5060080952381,0,0
3304,8.5060080952381,0,-0.1472195
3309,8.5060080952381,-0.736097500000001,0.184024375
3313,5.5616180952381,0,0
3318,5.5616180952381,0,0
3322,5.5616180952381,0,0
3326,5.5616180952381,0,-0.2944385
3331,5.5616180952381,-1.4721925,0.368048125
3335,-0.327151904761903,0,0
3340,-0.327151904761903,0,0
3344,-0.327151904761903,0,-0.049073
3349,-0.327151904761903,-0.245365,0.06134125
3353,-1.3086119047619,0,0
3358,-1.3086119047619,0,0
3362,-1.3086119047619,0,0
3367,-1.3086119047619,0,0.049073
3371,-1.3086119047619,0.196292,-0.0392584
3376,-0.327151904761903,0,0
3380,-0.327151904761903,0,0
3385,-0.327151904761903,0,0.1472195
3389,-0.327151904761903,0.588878,-0.1177756
3394,2.6172380952381,0,0
3398,2.6172380952381,0,0
3403,2.6172380952381,0,0
3407,2.6172380952381,0,0.2453655
3412,2.6172380952381,1.2268275,-0.306706875
3416,7.5245480952381,0,0
3421,7.5245480952381,0,0
3425,7.5245480952381,0,-0.0490729999999999
3430,7.5245480952381,-0.245365,0.0613412499999999
3434,6.5430880952381,0,0
3439,6.5430880952381,0,0
3443,6.5430880952381,0,0
3448,6.5430880952381,0,-0.1962925
3452,6.5430880952381,-0.78517,0.157034
3457,2.6172380952381,0,0
3461,2.6172380952381,0,0
3466,2.6172380952381,0,-0.122683125
3470,2.6172380952381,-0.4907325,0.122683125
3474,0.654308095238097,0,0
3479,0.654308095238097,0,0
3483,0.654308095238097,0,0
3488,0.654308095238097,0,0
3492,0.654308095238097,0,0
3497,0.654308095238097,0,0
3501,0.654308095238097,0,0
3506,0.654308095238097,0,0.1472195
3510,0.654308095238097,0.588878,-0.1177756
3515,3.5986980952381,0,0
3519,3.5986980952381,0,0
3524,3.5986980952381,0,0
3528,3.5986980952381,0,-0.049073
3533,3.5986980952381,-0.245365,0.06134125
3537,2.6172380952381,0,0
3542,2.6172380952381,0,0
3546,2.6172380952381,0,-0.0490735
3551,2.6172380952381,-0.2453675,0.061341875
3555,1.6357680952381,0,0
3560,1.6357680952381,0,0
3564,1.6357680952381,0,0
3569,1.6357680952381,0,0.1472195
3573,1.6357680952381,0.588878,-0.1177756
3578,4.5801580952381,0,0
3582,4.5801580952381,0,0
3587,4.5801580952381,0,-0.049073
3591,4.5801580952381,-0.196292,0.0392584
3596,3.5986980952381,0,0
3600,3.5986980952381,0,0
3605,3.5986980952381,0,0
3609,3.5986980952381,0,-0.0981465
3613,3.5986980952381,-0.392586,0.0785172
3618,1.6357680952381,0,0
3622,1.6357680952381,0,0
3627,1.6357680952381,0,0.1472195
3631,1.6357680952381,0.588878,-0.1177756
3636,4.5801580952381,0,0
3640,4.5801580952381,0,0
3645,4.5801580952381,0,0
3649,4.5801580952381,0,0.0981465
3654,4.5801580952381,0.4907325,-0.122683125
3658,6.5430880952381,0,0
3663,6.5430880952381,0,0
3667,6.5430880952381,0,0
3672,6.5430880952381,0,0
3676,6.5430880952381,0,0
3681,6.5430880952381,0,0
3685,6.5430880952381,0,0
3690,6.5430880952381,0,0.0490729999999999
3694,6.5430880952381,0.196292,-0.0392583999999999
3699,7.5245480952381,0,0
3703,7.5245480952381,0,0
3708,7.5245480952381,0,-0.0981465
3712,7.5245480952381,-0.392586,0.0785172
3717,5.5616180952381,0,0
3721,5.5616180952381,0,0
3726,5.5616180952381,0,0
3730,5.5616180952381,0,-0.147219
3735,5.5616180952381,-0.736095,0.18402375
3739,2.6172380952381,0,0
3744,2.6172380952381,0,0
3748,2.6172380952381,0,1.177755
3753,2.6172380952381,5.888775,-1.47219375
3757,26.1723380952381,0,0
3761,26.1723380952381,0,0
3766,26.1723380952381,0,0
3770,26.1723380952381,0,-1.079609
3775,26.1723380952381,-5.398045,1.34951125
3779,4.5801580952381,0,0
3784,4.5801580952381,0,0
3788,4.5801580952381,0,-0.78517
3793,4.5801580952381,-3.92585,0.9814625
3797,-11.1232419047619,0,0
3802,-11.1232419047619,0,0
3806,-11.1232419047619,0,0
3811,-11.1232419047619,0,0.4907315
3815,-11.1232419047619,1.962926,-0.3925852
3820,-1.3086119047619,0,0
3824,-1.3086119047619,0,0
3829,-1.3086119047619,0,0.490731
3833,-1.3086119047619,1.962924,-0.3925848
3838,8.5060080952381,0,0
3842,8.5060080952381,0,0
3847,8.5060080952381,0,0
3851,8.5060080952381,0,0.1962925
3856,8.5060080952381,0.9814625,-0.245365625
3860,12.4318580952381,0,0
3865,12.4318580952381,0,0
3869,12.4318580952381,0,-0.0490730000000001
3874,12.4318580952381,-0.245365,0.0613412500000001
3878,11.4503980952381,0,0
3883,11.4503980952381,0,0
3887,11.4503980952381,0,0
3892,11.4503980952381,0,-0.245365625
3896,11.4503980952381,-0.9814625,0.245365625
3900,7.5245480952381,0,0
3905,7.5245480952381,0,0
3909,7.5245480952381,0,-0.0981465
3914,7.5245480952381,-0.4907325,0.122683125
3918,5.5616180952381,0,0
3923,5.5616180952381,0,0
3927,5.5616180952381,0,0
3932,5.5616180952381,0,-0.147219
3936,5.5616180952381,-0.588876,0.1177752
3941,2.6172380952381,0,0
3945,2.6172380952381,0,0
3950,2.6172380952381,0,-0.1472195
3954,2.6172380952381,-0.588878,0.1177756
3959,-0.327151904761903,0,0
3963,-0.327151904761903,0,0
3968,-0.327151904761903,0,0
3972,-0.327151904761903,0,-0.1962925
3977,-0.327151904761903,-0.9814625,0.245365625
3981,-4.2530019047619,0,0
3986,-4.2530019047619,0,0
3990,-4.2530019047619,0,0.1962925
3995,-4.2530019047619,0.9814625,-0.245365625
3999,-0.327151904761903,0,0
4004,-0.327151904761903,0,0
4008,-0.327151904761903,0,0
4013,-0.327151904761903,0,0.2453655
4017,-0.327151904761903,0.981462,-0.1962924
4022,4.5801580952381,0,0
4026,4.5801580952381,0,0
4031,4.5801580952381,0,0
4035,4.5801580952381,0,0
4040,4.5801580952381,0,0
4044,4.5801580952381,0,0
4048,4.5801580952381,0,0
4053,4.5801580952381,0,0.2453655
4057,4.5801580952381,0.981462,-0.1962924
4062,9.4874680952381,0,0
4066,9.4874680952381,0,0
4071,9.4874680952381,0,0.0490735000000001
4075,9.4874680952381,0.196294,-0.0392588000000001
4080,10.4689380952381,0,0
4084,10.4689380952381,0,0
4089,10.4689380952381,0,0
4093,10.4689380952381,0,-0.1472195
4098,10.4689380952381,-0.736097500000001,0.184024375
4102,7.5245480952381,0,0
4107,7.5245480952381,0,0
4111,7.5245480952381,0,-0.1472195
4116,7.5245480952381,-0.7360975,0.184024375
4120,4.5801580952381,0,0
4125,4.5801580952381,0,0
4129,4.5801580952381,0,0
4134,4.5801580952381,0,-0.098146
4138,4.5801580952381,-0.392584,0.0785168
4143,2.6172380952381,0,0
4147,2.6172380952381,0,0
4152,2.6172380952381,0,0
4156,2.6172380952381,0,0
4161,2.6172380952381,0,0
4165,2.6172380952381,0,0
4170,2.6172380952381,0,0
4174,2.6172380952381,0,0.1962925
4179,2.6172380952381,0.9814625,-0.245365625
4183,6.5430880952381,0,0
4187,6.5430880952381,0,0
4192,6.5430880952381,0,0.098146
4196,6.5430880952381,0.392584,-0.0785168
4201,8.5060080952381,0,0
4205,8.5060080952381,0,0
4210,8.5060080952381,0,0
4214,8.5060080952381,0,-0.1472195
4219,8.5060080952381,-0.736097500000001,0.184024375
4223,5.5616180952381,0,0
4228,5.5616180952381,0,0
4232,5.5616180952381,0,-0.147219
4237,5.5616180952381,-0.736095,0.18402375
4241,2.6172380952381,0,0
4246,2.6172380952381,0,0
4250,2.6172380952381,0,0
4255,2.6172380952381,0,0.098146
4259,2.6172380952381,0.392584,-0.0785168
4264,4.5801580952381,0,0
4268,4.5801580952381,0,0
4273,4.5801580952381,0,0.1962925
4277,4.5801580952381,0.78517,-0.157034
4282,8.5060080952381,0,0
4286,8.5060080952381,0,0
4291,8.5060080952381,0,0
4295,8.5060080952381,0,0.1472195
4300,8.5060080952381,0.7360975,-0.184024375
4304,11.4503980952381,0,0
4309,11.4503980952381,0,0
4313,11.4503980952381,0,0.834243
4318,11.4503980952381,4.171215,-1.04280375
4322,28.1352580952381,0,0
4327,28.1352580952381,0,0
4331,28.1352580952381,0,0
4335,28.1352580952381,0,-1.128682
4340,28.1352580952381,-5.64341,1.4108525
4344,5.5616180952381,0,0
4349,5.5616180952381,0,0
4353,5.5616180952381,0,-1.374047
4358,5.5616180952381,-6.870235,1.71755875
4362,-21.9193219047619,0,0
4367,-21.9193219047619,0,0
4371,-21.9193219047619,0,0
4376,-21.9193219047619,0,0.147219
4380,-21.9193219047619,0.588876,-0.1177752
4385,-18.9749419047619,0,0
4389,-18.9749419047619,0,0
4394,-18.9749419047619,0,0.441658
4398,-18.9749419047619,1.766632,-0.3533264
4403,-10.1417819047619,0,0
4407,-10.1417819047619,0,0
4412,-10.1417819047619,0,0
4416,-10.1417819047619,0,0.5888775
4421,-10.1417819047619,2.9443875,-0.736096875
4425,1.6357680952381,0,0
4430,1.6357680952381,0,0
4434,1.6357680952381,0,0.1962925
4439,1.6357680952381,0.9814625,-0.245365625
4443,5.5616180952381,0,0
4448,5.5616180952381,0,0
4452,5.5616180952381,0,0
4457,5.5616180952381,0,-0.1962925
4461,5.5616180952381,-0.78517,0.157034
4466,1.6357680952381,0,0
4470,1.6357680952381,0,0
4474,1.6357680952381,0,0.294439
4479,1.6357680952381,1.472195,-0.36804875
4483,7.5245480952381,0,0
4488,7.5245480952381,0,0
4492,7.5245480952381,0,0
4497,7.5245480952381,0,-0.0490729999999999
4501,7.5245480952381,-0.196292,0.0392583999999999
4506,6.5430880952381,0,0
4510,6.5430880952381,0,0
4515,6.5430880952381,0,0.0490729999999999
4519,6.5430880952381,0.196292,-0.0392583999999999
4524,7.5245480952381,0,0
4528,7.5245480952381,0,0
4533,7.5245480952381,0,0
4537,7.5245480952381,0,-0.0490729999999999
4542,7.5245480952381,-0.245365,0.0613412499999999
4546,6.5430880952381,0,0
4551,6.5430880952381,0,0
4555,6.5430880952381,0,-0.0981465
4560,6.5430880952381,-0.4907325,0.122683125
4564,4.5801580952381,0,0
4569,4.5801580952381,0,0
4573,4.5801580952381,0,0
4578,4.5801580952381,0,-0.098146
4582,4.5801580952381,-0.392584,0.0785168
4587,2.6172380952381,0,0
4591,2.6172380952381,0,0
4596,2.6172380952381,0,-0.0490735
4600,2.6172380952381,-0.196294,0.0392588
4605,1.6357680952381,0,0
4609,1.6357680952381,0,0
4613,1.6357680952381,0,0
4618,1.6357680952381,0,-0.147219
4622,1.6357680952381,-0.588876,0.1177752
4627,-1.3086119047619,0,0
4631,-1.3086119047619,0,0
4636,-1.3086119047619,0,-0.4416585
4640,-1.3086119047619,-1.766634,0.3533268
4645,-10.1417819047619,0,0
4649,-10.1417819047619,0,0
4654,-10.1417819047619,0,0
4658,-10.1417819047619,0,0.1472195
4663,-10.1417819047619,0.7360975,-0.184024375
4667,-7.1973919047619,0,0
4672,-7.1973919047619,0,0
4676,-7.1973919047619,0,0.392585
4681,-7.1973919047619,1.962925,-0.49073125
4685,0.654308095238097,0,0
4690,0.654308095238097,0,0
4694,0.654308095238097,0,0
4699,0.654308095238097,0,0.392585
4703,0.654308095238097,1.57034,-0.314068
4708,8.5060080952381,0,0
4712,8.5060080952381,0,0
4717,8.5060080952381,0,-0.343512
4721,8.5060080952381,-1.374048,0.2748096
4726,1.6357680952381,0,0
4730,1.6357680952381,0,0
4735,1.6357680952381,0,0
4739,1.6357680952381,0,-0.098146
4744,1.6357680952381,-0.49073,0.1226825
4748,-0.327151904761903,0,0
4753,-0.327151904761903,0,0
4757,-0.327151904761903,0,0
4761,-0.327151904761903,0,0
4766,-0.327151904761903,0,0
4770,-0.327151904761903,0,0
4775,-0.327151904761903,0,0
4779,-0.327151904761903,0,-0.1472195
4784,-0.327151904761903,-0.7360975,0.184024375
4788,-3.2715419047619,0,0
4793,-3.2715419047619,0,0
4797,-3.2715419047619,0,0.4907315
4802,-3.2715419047619,2.4536575,-0.613414375
4806,6.5430880952381,0,0
4811,6.5430880952381,0,0
4815,6.5430880952381,0,0
4820,6.5430880952381,0,-0.0490735000000001
4824,6.5430880952381,-0.196294,0.0392588000000001
4829,5.5616180952381,0,0
4833,5.5616180952381,0,0
4838,5.5616180952381,0,0.1472195
4842,5.5616180952381,0.588878,-0.1177756
4847,8.5060080952381,0,0
4851,8.5060080952381,0,0
4856,8.5060080952381,0,0
4860,8.5060080952381,0,-0.343512
4865,8.5060080952381,-1.71756,0.42939
4869,1.6357680952381,0,0
4874,1.6357680952381,0,0
4878,1.6357680952381,0,0
4883,1.6357680952381,0,-0.1962925
4887,1.6357680952381,-0.78517,0.157034
4892,-2.2900819047619,0,0
4896,-2.2900819047619,0,0
4900,-2.2900819047619,0,-0.147219
4905,-2.2900819047619,-0.736095,0.18402375
4909,-5.2344619047619,0,0
4914,-5.2344619047619,0,0
4918,-5.2344619047619,0,0
4923,-5.2344619047619,0,0.147219
4927,-5.2344619047619,0.588876,-0.1177752
4932,-2.2900819047619,0,0
4936,-2.2900819047619,0,0
4941,-2.2900819047619,0,0.4907315
4945,-2.2900819047619,1.962926,-0.3925852
4950,7.5245480952381,0,0
4954,7.5245480952381,0,0
4959,7.5245480952381,0,0
4963,7.5245480952381,0,0.392585
4968,7.5245480952381,1.962925,-0.49073125
4972,15.3762480952381,0,0
4977,15.3762480952381,0,0
4981,15.3762480952381,0,-0.1472195
4986,15.3762480952381,-0.7360975,0.184024375
4990,12.4318580952381,0,0
4995,12.4318580952381,0,0
4999,12.4318580952381,0,0
5004,12.4318580952381,0,-0.78517
5008,12.4318580952381,-3.14068,0.628136
5013,-3.2715419047619,0,0
5017,-3.2715419047619,0,0
5022,-3.2715419047619,0,0.049073
5026,-3.2715419047619,0.196292,-0.0392584
5031,-2.2900819047619,0,0
5035,-2.2900819047619,0,0
5039,-2.2900819047619,0,0
5044,-2.2900819047619,0,0.1472195
5048,-2.2900819047619,0.588878,-0.1177756
5053,0.654308095238097,0,0
5057,0.654308095238097,0,0
5062,0.654308095238097,0,0
5066,0.654308095238097,0,0
5071,0.654308095238097,0,0
5075,0.654308095238097,0,0
5080,0.654308095238097,0,0
5084,0.654308095238097,0,0.343512
5089,0.654308095238097,1.71756,-0.42939
5093,7.5245480952381,0,0
5098,7.5245480952381,0,0
5102,7.5245480952381,0,-0.294439
5107,7.5245480952381,-1.472195,0.36804875
5111,1.6357680952381,0,0
5116,1.6357680952381,0,0
5120,1.6357680952381,0,0
5125,1.6357680952381,0,-0.098146
5129,1.6357680952381,-0.392584,0.0785168
5134,-0.327151904761903,0,0
5138,-0.327151904761903,0,0
5143,-0.327151904761903,0,0.098146
5147,-0.327151904761903,0.392584,-0.0785168
5152,1.6357680952381,0,0
5156,1.6357680952381,0,0
5161,1.6357680952381,0,0
5165,1.6357680952381,0,-0.1962925
5170,1.6357680952381,-0.9814625,0.245365625
5174,-2.2900819047619,0,0
5179,-2.2900819047619,0,0
5183,-2.2900819047619,0,0
5187,-2.2900819047619,0,0
5192,-2.2900819047619,0,0
5196,-2.2900819047619,0,0
5201,-2.2900819047619,0,0
5205,-2.2900819047619,0,2.0119985
5210,-2.2900819047619,10.0599925,-2.514998125
5214,37.9498880952381,0,0
5219,37.9498880952381,0,0
5223,37.9498880952381,0,-2.699022
5228,37.9498880952381,-13.49511,3.3737775
5232,-16.0305519047619,0,0
5237,-16.0305519047619,0,0
5241,-16.0305519047619,0,0
5246,-16.0305519047619,0,1.0796085
5250,-16.0305519047619,4.318434,-0.8636868
5255,5.5616180952381,0,0
5259,5.5616180952381,0,0
5264,5.5616180952381,0,-0.0981459999999999
5268,5.5616180952381,-0.392584,0.0785167999999999
5273,3.5986980952381,0,0
5277,3.5986980952381,0,0
5282,3.5986980952381,0,0
5286,3.5986980952381,0,-0.4907315
5291,3.5986980952381,-2.4536575,0.613414375
5295,-6.2159319047619,0,0
5300,-6.2159319047619,0,0
5304,-6.2159319047619,0,0.1962925
5309,-6.2159319047619,0.9814625,-0.245365625
5313,-2.2900819047619,0,0
5318,-2.2900819047619,0,0
5322,-2.2900819047619,0,0
5326,-2.2900819047619,0,0.1962925
5331,-2.2900819047619,0.9814625,-0.245365625
5335,1.6357680952381,0,0
5340,1.6357680952381,0,0
5344,1.6357680952381,0,-0.098146
5349,1.6357680952381,-0.49073,0.1226825
5353,-0.327151904761903,0,0
5358,-0.327151904761903,0,0
5362,-0.327151904761903,0,0
5367,-0.327151904761903,0,0.098146
5371,-0.327151904761903,0.392584,-0.0785168
5376,1.6357680952381,0,0
5380,1.6357680952381,0,0
5385,1.6357680952381,0,0.1472195
5389,1.6357680952381,0.588878,-0.1177756
5394,4.5801580952381,0,0
5398,4.5801580952381,0,0
5403,4.5801580952381,0,0
5407,4.5801580952381,0,-0.343512
5412,4.5801580952381,-1.71756,0.42939
5416,-2.2900819047619,0,0
5421,-2.2900819047619,0,0
5425,-2.2900819047619,0,-0.1962925
5430,-2.2900819047619,-0.9814625,0.245365625
5434,-6.2159319047619,0,0
5439,-6.2159319047619,0,0
5443,-6.2159319047619,0,0
5448,-6.2159319047619,0,0.392585
5452,-6.2159319047619,1.57034,-0.314068
5457,1.6357680952381,0,0
5461,1.6357680952381,0,0
5465,1.6357680952381,0,0.294439
5470,1.6357680952381,1.472195,-0.36804875
5474,7.5245480952381,0,0
5479,7.5245480952381,0,0
5483,7.5245480952381,0,0
5488,7.5245480952381,0,0.1472195
5492,7.5245480952381,0.588878,-0.1177756
5497,10.4689380952381,0,0
5501,10.4689380952381,0,0
5506,10.4689380952381,0,-0.0490735000000001
5510,10.4689380952381,-0.196294,0.0392588000000001
5515,9.4874680952381,0,0
5519,9.4874680952381,0,0
5524,9.4874680952381,0,0
5528,9.4874680952381,0,0.294439
5533,9.4874680952381,1.472195,-0.36804875
5537,15.3762480952381,0,0
5542,15.3762480952381,0,0
5546,15.3762480952381,0,-0.6379505
5551,15.3762480952381,-3.1897525,0.797438125
5555,2.6172380952381,0,0
5560,2.6172380952381,0,0
5564,2.6172380952381,0,0
5569,2.6172380952381,0,0.049073
5573,2.6172380952381,0.196292,-0.0392584
5578,3.5986980952381,0,0
5582,3.5986980952381,0,0
5587,3.5986980952381,0,-0.294439
5591,3.5986980952381,-1.177756,0.2355512
5596,-2.2900819047619,0,0
5600,-2.2900819047619,0,0
5605,-2.2900819047619,0,0
5609,-2.2900819047619,0,0.245366
5613,-2.2900819047619,0.981464,-0.1962928
5618,2.6172380952381,0,0
5622,2.6172380952381,0,0
5627,2.6172380952381,0,-0.1962925
5631,2.6172380952381,-0.78517,0.157034
5636,-1.3086119047619,0,0
5640,-1.3086119047619,0,0
5645,-1.3086119047619,0,0
5649,-1.3086119047619,0,0.1962925
5654,-1.3086119047619,0.9814625,-0.245365625
5658,2.6172380952381,0,0
5663,2.6172380952381,0,0
5667,2.6172380952381,0,-0.1962925
5672,2.6172380952381,-0.9814625,0.245365625
5676,-1.3086119047619,0,0
5681,-1.3086119047619,0,0
5685,-1.3086119047619,0,0
5690,-1.3086119047619,0,0.6870235
5694,-1.3086119047619,2.748094,-0.5496188
5699,12.4318580952381,0,0
5703,12.4318580952381,0,0
5708,12.4318580952381,0,2.7480945
5712,12.4318580952381,10.992378,-2.1984756
5717,67.3937480952381,0,0
5721,67.3937480952381,0,0
5726,67.3937480952381,0,0
5730,67.3937480952381,0,-5.299897
5735,67.3937480952381,-26.499485,6.62487125
5739,-38.6041919047619,0,0
5744,-38.6041919047619,0,0
5748,-38.6041919047619,0,3.3369725
5752,-38.6041919047619,13.34789,-2.669578
5757,28.1352580952381,0,0
5761,28.1352580952381,0,0
5766,28.1352580952381,0,0
5770,28.1352580952381,0,-0.6870235
5775,28.1352580952381,-3.4351175,0.858779375
5779,14.3947880952381,0,0
5784,14.3947880952381,0,0
5788,14.3947880952381,0,0.147219
5793,14.3947880952381,0.736095,-0.18402375
5797,17.3391680952381,0,0
5802,17.3391680952381,0,0
5806,17.3391680952381,0,0
5811,17.3391680952381,0,-2.159217
5815,17.3391680952381,-8.636868,1.7273736
5820,-25.8451719047619,0,0
5824,-25.8451719047619,0,0
5829,-25.8451719047619,0,-0.4416585
5833,-25.8451719047619,-1.766634,0.3533268
5838,-34.6783419047619,0,0
5842,-34.6783419047619,0,0
5847,-34.6783419047619,0,0
5851,-34.6783419047619,0,0.5888775
5856,-34.6783419047619,2.9443875,-0.736096875
5860,-22.9007919047619,0,0
5865,-22.9007919047619,0,0
5869,-22.9007919047619,0,-0.2453655
5874,-22.9007919047619,-1.2268275,0.306706875
5878,-27.8081019047619,0,0
5883,-27.8081019047619,0,0
5887,-27.8081019047619,0,0
5892,-27.8081019047619,0,-1.778900625
5896,-27.8081019047619,-7.1156025,1.778900625
5900,-56.2705119047619,0,0
5905,-56.2705119047619,0,0
5909,-56.2705119047619,0,-0.5398045
5914,-56.2705119047619,-2.6990225,0.674755625
5918,-67.0666019047619,0,0
5923,-67.0666019047619,0,0
5927,-67.0666019047619,0,0
5932,-67.0666019047619,0,1.864779
5936,-67.0666019047619,7.459116,-1.4918232
5941,-29.7710219047619,0,0
5945,-29.7710219047619,0,0
5950,-29.7710219047619,0,0.6870235
5954,-29.7710219047619,2.748094,-0.5496188
5959,-16.0305519047619,0,0
5963,-16.0305519047619,0,0
5968,-16.0305519047619,0,0
5972,-16.0305519047619,0,-0.78517
5977,-16.0305519047619,-3.92585,0.9814625
5981,-31.7339519047619,0,0
5986,-31.7339519047619,0,0
5990,-31.7339519047619,0,0.1472195
5995,-31.7339519047619,0.7360975,-0.184024375
5999,-28.7895619047619,0,0
6004,-28.7895619047619,0,0
6008,-28.7895619047619,0,0
6013,-28.7895619047619,0,0.2453655
6017,-28.7895619047619,0.981462000000001,-0.1962924
6022,-23.8822519047619,0,0
6026,-23.8822519047619,0,0
6031,-23.8822519047619,0,0.5520725
6035,-23.8822519047619,2.20829,-0.5520725
6039,-15.0490919047619,0,0
6044,-15.0490919047619,0,0
6048,-15.0490919047619,0,0
6053,-15.0490919047619,0,1.079609
6057,-15.0490919047619,4.318436,-0.8636872
6062,6.5430880952381,0,0
6066,6.5430880952381,0,0
6071,6.5430880952381,0,0.883316
6075,6.5430880952381,3.533264,-0.7066528
6080,24.2094080952381,0,0
6084,24.2094080952381,0,0
6089,24.2094080952381,0,0
6093,24.2094080952381,0,0.1472195
6098,24.2094080952381,0.7360975,-0.184024375
6102,27.1537980952381,0,0
6107,27.1537980952381,0,0
6111,27.1537980952381,0,-0.1472195
6116,27.1537980952381,-0.7360975,0.184024375
6120,24.2094080952381,0,0
6125,24.2094080952381,0,0
6129,24.2094080952381,0,0
6134,24.2094080952381,0,0.0490729999999999
6138,24.2094080952381,0.196292,-0.0392583999999999
6143,25.1908680952381,0,0
6147,25.1908680952381,0,0
6152,25.1908680952381,0,-0.7360965
6156,25.1908680952381,-2.944386,0.5888772
6161,10.4689380952381,0,0
6165,10.4689380952381,0,0
6170,10.4689380952381,0,0
6174,10.4689380952381,0,-0.0981465
6179,10.4689380952381,-0.4907325,0.122683125
6183,8.5060080952381,0,0
6187,8.5060080952381,0,0
6192,8.5060080952381,0,-0.1472195
6196,8.5060080952381,-0.588878,0.1177756
6201,5.5616180952381,0,0
6205,5.5616180952381,0,0
6210,5.5616180952381,0,0
6214,5.5616180952381,0,-0.78517
6219,5.5616180952381,-3.92585,0.9814625
6223,-10.1417819047619,0,0
6228,-10.1417819047619,0,0
6232,-10.1417819047619,0,0.8833165
6237,-10.1417819047619,4.4165825,-1.104145625
6241,7.5245480952381,0,0
6246,7.5245480952381,0,0
6250,7.5245480952381,0,0
6255,7.5245480952381,0,-0.392585
6259,7.5245480952381,-1.57034,0.314068
6264,-0.327151904761903,0,0
6268,-0.327151904761903,0,0
6273,-0.327151904761903,0,-0.78517
6277,-0.327151904761903,-3.14068,0.628136
6282,-16.0305519047619,0,0
6286,-16.0305519047619,0,0
