TimeT,AccT,VelT,PosT
0,-13.2731095238095,0.00603548249763482,-2.85500591184239e-06
2114,-0.514099523809518,0,0
2118,-0.514099523809518,0,0
2123,-0.514099523809518,0,-0.392585
2127,-0.514099523809518,-1.57034,0.314068
2132,-8.36579952380952,0,0
2136,-8.36579952380952,0,0
2140,-8.36579952380952,0,0.294439
2145,-8.36579952380952,1.472195,-0.36804875
2149,-2.47701952380952,0,0
2154,-2.47701952380952,0,0
2158,-2.47701952380952,0,0
2163,-2.47701952380952,0,0
2167,-2.47701952380952,0,0
2172,-2.47701952380952,0,0
2176,-2.47701952380952,0,0
2181,-2.47701952380952,0,0
2185,-2.47701952380952,0,0
2190,-2.47701952380952,0,0
2194,-2.47701952380952,0,0
2199,-2.47701952380952,0,0
2203,-2.47701952380952,0,-0.343512
2208,-2.47701952380952,-1.71756,0.42939
2212,-9.34725952380952,0,0
2217,-9.34725952380952,0,0
2221,-9.34725952380952,0,-0.1962925
2226,-9.34725952380952,-0.9814625,0.245365625
2230,-13.2731095238095,0,0
2235,-13.2731095238095,0,0
2239,-13.2731095238095,0,0
2244,-13.2731095238095,0,0.441658
2248,-13.2731095238095,1.766632,-0.3533264
2253,-4.43994952380952,0,0
2257,-4.43994952380952,0,0
2262,-4.43994952380952,0,0.1962925
2266,-4.43994952380952,0.78517,-0.157034
2271,-0.514099523809518,0,0
2275,-0.514099523809518,0,0
2279,-0.514099523809518,0,0
2284,-0.514099523809518,0,0.049073
2288,-0.514099523809518,0.196292,-0.0392584
2293,0.467360476190482,0,0
2297,0.467360476190482,0,0
2302,0.467360476190482,0,0
2306,0.467360476190482,0,0
2311,0.467360476190482,0,0
2315,0.467360476190482,0,0
2320,0.467360476190482,0,0
2324,0.467360476190482,0,-0.147219
2329,0.467360476190482,-0.736095,0.18402375
2333,-2.47701952380952,0,0
2338,-2.47701952380952,0,0
2342,-2.47701952380952,0,-0.0490735
2347,-2.47701952380952,-0.2453675,0.061341875
2351,-3.45848952380952,0,0
2356,-3.45848952380952,0,0
2360,-3.45848952380952,0,0
2365,-3.45848952380952,0,0.0490735
2369,-3.45848952380952,0.196294,-0.0392588
2374,-2.47701952380952,0,0
2378,-2.47701952380952,0,0
2383,-2.47701952380952,0,0.1962925
2387,-2.47701952380952,0.78517,-0.157034
2392,1.44883047619048,0,0
2396,1.44883047619048,0,0
2401,1.44883047619048,0,0
2405,1.44883047619048,0,0.392585
2410,1.44883047619048,1.962925,-0.49073125
2414,9.30053047619048,0,0
2419,9.30053047619048,0,0
2423,9.30053047619048,0,0.2453655
2427,9.30053047619048,0.981462,-0.1962924
2432,14.2078404761905,0,0
2436,14.2078404761905,0,0
2441,14.2078404761905,0,0
2445,14.2078404761905,0,0.343512
2450,14.2078404761905,1.71756,-0.42939
2454,21.0780804761905,0,0
2459,21.0780804761905,0,0
2463,21.0780804761905,0,-0.5888775
2468,21.0780804761905,-2.9443875,0.736096875
2472,9.30053047619048,0,0
2477,9.30053047619048,0,0
2481,9.30053047619048,0,0
2486,9.30053047619048,0,-0.4907315
2490,9.30053047619048,-1.962926,0.3925852
2495,-0.514099523809518,0,0
2499,-0.514099523809518,0,0
2504,-0.514099523809518,0,-0.392585
2508,-0.514099523809518,-1.57034,0.314068
2513,-8.36579952380952,0,0
2517,-8.36579952380952,0,0
2522,-8.36579952380952,0,0
2526,-8.36579952380952,0,-0.1962925
2531,-8.36579952380952,-0.9814625,0.245365625
2535,-12.2916495238095,0,0
2540,-12.2916495238095,0,0
2544,-12.2916495238095,0,-0.147219
2549,-12.2916495238095,-0.736095,0.18402375
2553,-15.2360295238095,0,0
2558,-15.2360295238095,0,0
2562,-15.2360295238095,0,0
2566,-15.2360295238095,0,0.2453655
2571,-15.2360295238095,1.2268275,-0.306706875
2575,-10.3287195238095,0,0
2580,-10.3287195238095,0,0
2584,-10.3287195238095,0,0.5888775
2589,-10.3287195238095,2.9443875,-0.736096875
2593,1.44883047619048,0,0
2598,1.44883047619048,0,0
2602,1.44883047619048,0,0
2607,1.44883047619048,0,0.098146
2611,1.44883047619048,0.392584,-0.0785168
2616,3.41175047619048,0,0
2620,3.41175047619048,0,0
2625,3.41175047619048,0,0.0490729999999999
2629,3.41175047619048,0.196292,-0.0392583999999999
2634,4.39321047619048,0,0
2638,4.39321047619048,0,0
2643,4.39321047619048,0,0
2647,4.39321047619048,0,-0.0981459999999999
2652,4.39321047619048,-0.49073,0.1226825
2656,2.43029047619048,0,0
2661,2.43029047619048,0,0
2665,2.43029047619048,0,0.049073
2670,2.43029047619048,0.245365,-0.06134125
2674,3.41175047619048,0,0
2679,3.41175047619048,0,0
2683,3.41175047619048,0,0
2688,3.41175047619048,0,0.1472195
2692,3.41175047619048,0.588878,-0.1177756
2697,6.35614047619048,0,0
2701,6.35614047619048,0,0
2705,6.35614047619048,0,0.1962925
2710,6.35614047619048,0.9814625,-0.245365625
2714,10.2819904761905,0,0
2719,10.2819904761905,0,0
2723,10.2819904761905,0,0
2728,10.2819904761905,0,-0.1962925
2732,10.2819904761905,-0.78517,0.157034
2737,6.35614047619048,0,0
2741,6.35614047619048,0,0
2746,6.35614047619048,0,-0.1472195
2750,6.35614047619048,-0.588878,0.1177756
2755,3.41175047619048,0,0
2759,3.41175047619048,0,0
2764,3.41175047619048,0,0
2768,3.41175047619048,0,-0.1472195
2773,3.41175047619048,-0.7360975,0.184024375
2777,0.467360476190482,0,0
2782,0.467360476190482,0,0
2786,0.467360476190482,0,-0.098146
2791,0.467360476190482,-0.49073,0.1226825
2795,-1.49555952380952,0,0
2800,-1.49555952380952,0,0
2804,-1.49555952380952,0,0
2809,-1.49555952380952,0,0
2813,-1.49555952380952,0,0
2818,-1.49555952380952,0,0
2822,-1.49555952380952,0,0
2827,-1.49555952380952,0,0
2831,-1.49555952380952,0,0
2836,-1.49555952380952,0,0
2840,-1.49555952380952,0,0
2845,-1.49555952380952,0,0
2849,-1.49555952380952,0,-0.1472195
2853,-1.49555952380952,-0.588878,0.1177756
2858,-4.43994952380952,0,0
2862,-4.43994952380952,0,0
2867,-4.43994952380952,0,0.1472195
2871,-4.43994952380952,0.588878,-0.1177756
2876,-1.49555952380952,0,0
2880,-1.49555952380952,0,0
2885,-1.49555952380952,0,0
2889,-1.49555952380952,0,-0.049073
2894,-1.49555952380952,-0.245365,0.06134125
2898,-2.47701952380952,0,0
2903,-2.47701952380952,0,0
2907,-2.47701952380952,0,0.049073
2912,-2.47701952380952,0.245365,-0.06134125
2916,-1.49555952380952,0,0
2921,-1.49555952380952,0,0
2925,-1.49555952380952,0,0
2930,-1.49555952380952,0,-0.049073
2934,-1.49555952380952,-0.196292,0.0392584
2939,-2.47701952380952,0,0
2943,-2.47701952380952,0,0
2948,-2.47701952380952,0,0.2944385
2952,-2.47701952380952,1.177754,-0.2355508
2957,3.41175047619048,0,0
2961,3.41175047619048,0,0
2966,3.41175047619048,0,0
2970,3.41175047619048,0,0.392585
2975,3.41175047619048,1.962925,-0.49073125
2979,11.2634504761905,0,0
2984,11.2634504761905,0,0
2988,11.2634504761905,0,-0.1962925
2992,11.2634504761905,-0.78517,0.157034
2997,7.33760047619048,0,0
3001,7.33760047619048,0,0
3006,7.33760047619048,0,0
3010,7.33760047619048,0,-0.098146
3015,7.33760047619048,-0.49073,0.1226825
3019,5.37468047619048,0,0
3024,5.37468047619048,0,0
3028,5.37468047619048,0,0.147219
3033,5.37468047619048,0.736095,-0.18402375
3037,8.31906047619048,0,0
3042,8.31906047619048,0,0
3046,8.31906047619048,0,0
3051,8.31906047619048,0,-0.1962925
3055,8.31906047619048,-0.78517,0.157034
3060,4.39321047619048,0,0
3064,4.39321047619048,0,0
3069,4.39321047619048,0,-0.0981459999999999
3073,4.39321047619048,-0.392584,0.0785167999999999
3078,2.43029047619048,0,0
3082,2.43029047619048,0,0
3087,2.43029047619048,0,0
3091,2.43029047619048,0,-0.049073
3096,2.43029047619048,-0.245365,0.06134125
3100,1.44883047619048,0,0
3105,1.44883047619048,0,0
3109,1.44883047619048,0,0.1962925
3114,1.44883047619048,0.9814625,-0.245365625
3118,5.37468047619048,0,0
3123,5.37468047619048,0,0
3127,5.37468047619048,0,0
3132,5.37468047619048,0,0.0613412499999999
3136,5.37468047619048,0.245365,-0.0613412499999999
3140,6.35614047619048,0,0
3145,6.35614047619048,0,0
3149,6.35614047619048,0,-0.2453655
3154,6.35614047619048,-1.2268275,0.306706875
3158,1.44883047619048,0,0
3163,1.44883047619048,0,0
3167,1.44883047619048,0,0
3172,1.44883047619048,0,-0.0981465
3176,1.44883047619048,-0.392586,0.0785172
3181,-0.514099523809518,0,0
3185,-0.514099523809518,0,0
3190,-0.514099523809518,0,0.049073
3194,-0.514099523809518,0.196292,-0.0392584
3199,0.467360476190482,0,0
3203,0.467360476190482,0,0
3208,0.467360476190482,0,0
3212,0.467360476190482,0,0.0490735
3217,0.467360476190482,0.2453675,-0.061341875
3221,1.44883047619048,0,0
3226,1.44883047619048,0,0
3230,1.44883047619048,0,0.098146
3235,1.44883047619048,0.49073,-0.1226825
3239,3.41175047619048,0,0
3244,3.41175047619048,0,0
3248,3.41175047619048,0,0
3253,3.41175047619048,0,-0.098146
3257,3.41175047619048,-0.392584,0.0785168
3262,1.44883047619048,0,0
3266,1.44883047619048,0,0
3271,1.44883047619048,0,0.18402375
3275,1.44883047619048,0.736095,-0.18402375
3279,4.39321047619048,0,0
3284,4.39321047619048,0,0
3288,4.39321047619048,0,0
3293,4.39321047619048,0,0.1962925
3297,4.39321047619048,0.78517,-0.157034
3302,8.31906047619048,0,0
3306,8.31906047619048,0,0
3311,8.31906047619048,0,0
3315,8.31906047619048,0,0
3320,8.31906047619048,0,0
3324,8.31906047619048,0,0
3329,8.31906047619048,0,0
3333,8.31906047619048,0,-0.2453655
3338,8.31906047619048,-1.2268275,0.306706875
3342,3.41175047619048,0,0
3347,3.41175047619048,0,0
3351,3.41175047619048,0,-0.1962925
3356,3.41175047619048,-0.9814625,0.245365625
3360,-0.514099523809518,0,0
3365,-0.514099523809518,0,0
3369,-0.514099523809518,0,0
3374,-0.514099523809518,0,0.0981465
3378,-0.514099523809518,0.392586,-0.0785172
3383,1.44883047619048,0,0
3387,1.44883047619048,0,0
3392,1.44883047619048,0,-0.1472195
3396,1.44883047619048,-0.588878,0.1177756
3401,-1.49555952380952,0,0
3405,-1.49555952380952,0,0
3410,-1.49555952380952,0,0
3414,-1.49555952380952,0,0.098146
3419,-1.49555952380952,0.49073,-0.1226825
3423,0.467360476190482,0,0
3427,0.467360476190482,0,0
3432,0.467360476190482,0,0.0981465
3436,0.467360476190482,0.392586,-0.0785172
3441,2.43029047619048,0,0
3445,2.43029047619048,0,0
3450,2.43029047619048,0,0
3454,2.43029047619048,0,-0.049073
3459,2.43029047619048,-0.245365,0.06134125
3463,1.44883047619048,0,0
3468,1.44883047619048,0,0
3472,1.44883047619048,0,-0.0981465
3477,1.44883047619048,-0.4907325,0.122683125
3481,-0.514099523809518,0,0
3486,-0.514099523809518,0,0
3490,-0.514099523809518,0,0
3495,-0.514099523809518,0,-0.1962925
3499,-0.514099523809518,-0.78517,0.157034
3504,-4.43994952380952,0,0
3508,-4.43994952380952,0,0
3513,-4.43994952380952,0,0
3517,-4.43994952380952,0,0.1472195
3522,-4.43994952380952,0.7360975,-0.184024375
3526,-1.49555952380952,0,0
3531,-1.49555952380952,0,0
3535,-1.49555952380952,0,0.1472195
3540,-1.49555952380952,0.7360975,-0.184024375
3544,1.44883047619048,0,0
3549,1.44883047619048,0,0
3553,1.44883047619048,0,0
3558,1.44883047619048,0,-0.061341875
3562,1.44883047619048,-0.2453675,0.061341875
3566,0.467360476190482,0,0
3571,0.467360476190482,0,0
3575,0.467360476190482,0,0
3580,0.467360476190482,0,0
3584,0.467360476190482,0,0
3589,0.467360476190482,0,0
3593,0.467360476190482,0,0
3598,0.467360476190482,0,0
3602,0.467360476190482,0,0
3607,0.467360476190482,0,0
3611,0.467360476190482,0,0
3616,0.467360476190482,0,-0.049073
3620,0.467360476190482,-0.196292,0.0392584
3625,-0.514099523809518,0,0
3629,-0.514099523809518,0,0
3634,-0.514099523809518,0,0
3638,-0.514099523809518,0,-0.1472195
3643,-0.514099523809518,-0.7360975,0.184024375
3647,-3.45848952380952,0,0
3652,-3.45848952380952,0,0
3656,-3.45848952380952,0,0.245366
3661,-3.45848952380952,1.22683,-0.3067075
3665,1.44883047619048,0,0
3670,1.44883047619048,0,0
3674,1.44883047619048,0,0
3679,1.44883047619048,0,-0.0490735
3683,1.44883047619048,-0.196294,0.0392588
3688,0.467360476190482,0,0
3692,0.467360476190482,0,0
3697,0.467360476190482,0,0.0981465
3701,0.467360476190482,0.392586,-0.0785172
3706,2.43029047619048,0,0
3710,2.43029047619048,0,0
3714,2.43029047619048,0,0
3719,2.43029047619048,0,-0.1962925
3723,2.43029047619048,-0.78517,0.157034
3728,-1.49555952380952,0,0
3732,-1.49555952380952,0,0
3737,-1.49555952380952,0,0.049073
3741,-1.49555952380952,0.196292,-0.0392584
3746,-0.514099523809518,0,0
3750,-0.514099523809518,0,0
3755,-0.514099523809518,0,0
3759,-0.514099523809518,0,0.1962925
3764,-0.514099523809518,0.9814625,-0.245365625
3768,3.41175047619048,0,0
3773,3.41175047619048,0,0
3777,3.41175047619048,0,0.0490729999999999
3782,3.41175047619048,0.245365,-0.0613412499999999
3786,4.39321047619048,0,0
3791,4.39321047619048,0,0
3795,4.39321047619048,0,0
3800,4.39321047619048,0,0.1472195
3804,4.39321047619048,0.588878,-0.1177756
3809,7.33760047619048,0,0
3813,7.33760047619048,0,0
3818,7.33760047619048,0,0.0981465
3822,7.33760047619048,0.392586,-0.0785172
3827,9.30053047619048,0,0
3831,9.30053047619048,0,0
3836,9.30053047619048,0,0
3840,9.30053047619048,0,-0.0490735000000001
3845,9.30053047619048,-0.2453675,0.0613418750000001
3849,8.31906047619048,0,0
3853,8.31906047619048,0,0
3858,8.31906047619048,0,-0.147219
3862,8.31906047619048,-0.588876,0.1177752
3867,5.37468047619048,0,0
3871,5.37468047619048,0,0
3876,5.37468047619048,0,0
3880,5.37468047619048,0,0
3885,5.37468047619048,0,0
3889,5.37468047619048,0,0
3894,5.37468047619048,0,0
3898,5.37468047619048,0,-0.245366
3903,5.37468047619048,-1.22683,0.3067075
3907,0.467360476190482,0,0
3912,0.467360476190482,0,0
3916,0.467360476190482,0,0
3921,0.467360476190482,0,-0.834243
3925,0.467360476190482,-3.336972,0.6673944
3930,-16.2174995238095,0,0
3934,-16.2174995238095,0,0
3939,-16.2174995238095,0,-0.098146
3943,-16.2174995238095,-0.392584,0.0785168
3948,-18.1804195238095,0,0
3952,-18.1804195238095,0,0
3957,-18.1804195238095,0,0
3961,-18.1804195238095,0,0.490731
3966,-18.1804195238095,2.453655,-0.61341375
3970,-8.36579952380952,0,0
3975,-8.36579952380952,0,0
3979,-8.36579952380952,0,0.1472195
3984,-8.36579952380952,0.7360975,-0.184024375
3988,-5.42140952380952,0,0
3992,-5.42140952380952,0,0
3997,-5.42140952380952,0,0
4001,-5.42140952380952,0,-0.049073
4006,-5.42140952380952,-0.245365,0.06134125
4010,-6.40286952380952,0,0
4015,-6.40286952380952,0,0
4019,-6.40286952380952,0,0.049073
4024,-6.40286952380952,0.245365,-0.06134125
4028,-5.42140952380952,0,0
4033,-5.42140952380952,0,0
4037,-5.42140952380952,0,0
4042,-5.42140952380952,0,0.049073
4046,-5.42140952380952,0.196292,-0.0392584
4051,-4.43994952380952,0,0
4055,-4.43994952380952,0,0
4060,-4.43994952380952,0,0.4907315
4064,-4.43994952380952,1.962926,-0.3925852
4069,5.37468047619048,0,0
4073,5.37468047619048,0,0
4078,5.37468047619048,0,0
4082,5.37468047619048,0,-0.1472195
4087,5.37468047619048,-0.7360975,0.184024375
4091,2.43029047619048,0,0
4096,2.43029047619048,0,0
4100,2.43029047619048,0,0.0981459999999999
4105,2.43029047619048,0.49073,-0.1226825
4109,4.39321047619048,0,0
4114,4.39321047619048,0,0
4118,4.39321047619048,0,0
4123,4.39321047619048,0,0.1472195
4127,4.39321047619048,0.588878,-0.1177756
4132,7.33760047619048,0,0
4136,7.33760047619048,0,0
4140,7.33760047619048,0,-0.2453655
4145,7.33760047619048,-1.2268275,0.306706875
4149,2.43029047619048,0,0
4154,2.43029047619048,0,0
4158,2.43029047619048,0,0
4163,2.43029047619048,0,0
4167,2.43029047619048,0,0
4172,2.43029047619048,0,0
4176,2.43029047619048,0,0
4181,2.43029047619048,0,-0.4907315
4185,2.43029047619048,-1.962926,0.3925852
4190,-7.38433952380952,0,0
4194,-7.38433952380952,0,0
4199,-7.38433952380952,0,0
4203,-7.38433952380952,0,0.0981465
4208,-7.38433952380952,0.4907325,-0.122683125
4212,-5.42140952380952,0,0
4217,-5.42140952380952,0,0
4221,-5.42140952380952,0,-0.1472195
4226,-5.42140952380952,-0.7360975,0.184024375
4230,-8.36579952380952,0,0
4235,-8.36579952380952,0,0
4239,-8.36579952380952,0,0
4244,-8.36579952380952,0,0.0981465
4248,-8.36579952380952,0.392586,-0.0785172
4253,-6.40286952380952,0,0
4257,-6.40286952380952,0,0
4262,-6.40286952380952,0,-0.0981465
4266,-6.40286952380952,-0.392586,0.0785172
4271,-8.36579952380952,0,0
4275,-8.36579952380952,0,0
4279,-8.36579952380952,0,0
4284,-8.36579952380952,0,0.1962925
4288,-8.36579952380952,0.78517,-0.157034
4293,-4.43994952380952,0,0
4297,-4.43994952380952,0,0
4302,-4.43994952380952,0,0.0981465
4306,-4.43994952380952,0.392586,-0.0785172
4311,-2.47701952380952,0,0
4315,-2.47701952380952,0,0
4320,-2.47701952380952,0,0
4324,-2.47701952380952,0,0.049073
4329,-2.47701952380952,0.245365,-0.06134125
4333,-1.49555952380952,0,0
4338,-1.49555952380952,0,0
4342,-1.49555952380952,0,0.2453655
4347,-1.49555952380952,1.2268275,-0.306706875
4351,3.41175047619048,0,0
4356,3.41175047619048,0,0
4360,3.41175047619048,0,0
4365,3.41175047619048,0,-0.2453655
4369,3.41175047619048,-0.981462,0.1962924
4374,-1.49555952380952,0,0
4378,-1.49555952380952,0,0
4383,-1.49555952380952,0,-0.1472195
4387,-1.49555952380952,-0.588878,0.1177756
4392,-4.43994952380952,0,0
4396,-4.43994952380952,0,0
4401,-4.43994952380952,0,0
4405,-4.43994952380952,0,0.1962925
4410,-4.43994952380952,0.9814625,-0.245365625
4414,-0.514099523809518,0,0
4418,-0.514099523809518,0,0
4423,-0.514099523809518,0,0.294439
4427,-0.514099523809518,1.177756,-0.2355512
4432,5.37468047619048,0,0
4436,5.37468047619048,0,0
4441,5.37468047619048,0,0
4445,5.37468047619048,0,-0.0490735000000001
4450,5.37468047619048,-0.2453675,0.0613418750000001
4454,4.39321047619048,0,0
4459,4.39321047619048,0,0
4463,4.39321047619048,0,-0.3435115
4468,4.39321047619048,-1.7175575,0.429389375
4472,-2.47701952380952,0,0
4477,-2.47701952380952,0,0
4481,-2.47701952380952,0,0
4486,-2.47701952380952,0,0.1962925
4490,-2.47701952380952,0.78517,-0.157034
4495,1.44883047619048,0,0
4499,1.44883047619048,0,0
4504,1.44883047619048,0,-0.1962925
4508,1.44883047619048,-0.78517,0.157034
4513,-2.47701952380952,0,0
4517,-2.47701952380952,0,0
4522,-2.47701952380952,0,0
4526,-2.47701952380952,0,0.049073
4531,-2.47701952380952,0.245365,-0.06134125
4535,-1.49555952380952,0,0
4540,-1.49555952380952,0,0
4544,-1.49555952380952,0,0.2453655
4549,-1.49555952380952,1.2268275,-0.306706875
4553,3.41175047619048,0,0
4557,3.41175047619048,0,0
4562,3.41175047619048,0,0
4566,3.41175047619048,0,-0.049073
4571,3.41175047619048,-0.245365,0.06134125
4575,2.43029047619048,0,0
4580,2.43029047619048,0,0
4584,2.43029047619048,0,-0.049073
4589,2.43029047619048,-0.245365,0.06134125
4593,1.44883047619048,0,0
4598,1.44883047619048,0,0
4602,1.44883047619048,0,0
4607,1.44883047619048,0,0.147219
4611,1.44883047619048,0.588876,-0.1177752
4616,4.39321047619048,0,0
4620,4.39321047619048,0,0
4625,4.39321047619048,0,-0.147219
4629,4.39321047619048,-0.588876,0.1177752
4634,1.44883047619048,0,0
4638,1.44883047619048,0,0
4643,1.44883047619048,0,0
4647,1.44883047619048,0,0.049073
4652,1.44883047619048,0.245365,-0.06134125
4656,2.43029047619048,0,0
4661,2.43029047619048,0,0
4665,2.43029047619048,0,0.049073
4670,2.43029047619048,0.245365,-0.06134125
4674,3.41175047619048,0,0
4679,3.41175047619048,0,0
4683,3.41175047619048,0,0
4688,3.41175047619048,0,0.1472195
4692,3.41175047619048,0.588878,-0.1177756
4697,6.35614047619048,0,0
4701,6.35614047619048,0,0
4705,6.35614047619048,0,0.098146
4710,6.35614047619048,0.49073,-0.1226825
4714,8.31906047619048,0,0
4719,8.31906047619048,0,0
4723,8.31906047619048,0,0
4728,8.31906047619048,0,-0.098146
4732,8.31906047619048,-0.392584,0.0785168
4737,6.35614047619048,0,0
4741,6.35614047619048,0,0
4746,6.35614047619048,0,-0.1472195
4750,6.35614047619048,-0.588878,0.1177756
4755,3.41175047619048,0,0
4759,3.41175047619048,0,0
4764,3.41175047619048,0,0
4768,3.41175047619048,0,-0.1472195
4773,3.41175047619048,-0.7360975,0.184024375
4777,0.467360476190482,0,0
4782,0.467360476190482,0,0
4786,0.467360476190482,0,-0.098146
4791,0.467360476190482,-0.49073,0.1226825
4795,-1.49555952380952,0,0
4800,-1.49555952380952,0,0
4804,-1.49555952380952,0,0
4809,-1.49555952380952,0,0.2453655
4813,-1.49555952380952,0.981462,-0.1962924
4818,3.41175047619048,0,0
4822,3.41175047619048,0,0
4827,3.41175047619048,0,-0.1962925
4831,3.41175047619048,-0.78517,0.157034
4836,-0.514099523809518,0,0
4840,-0.514099523809518,0,0
4844,-0.514099523809518,0,0
4849,-0.514099523809518,0,-0.1962925
4853,-0.514099523809518,-0.78517,0.157034
4858,-4.43994952380952,0,0
4862,-4.43994952380952,0,0
4867,-4.43994952380952,0,-0.098146
4871,-4.43994952380952,-0.392584,0.0785168
4876,-6.40286952380952,0,0
4880,-6.40286952380952,0,0
4885,-6.40286952380952,0,0
4889,-6.40286952380952,0,0
4894,-6.40286952380952,0,0
4898,-6.40286952380952,0,0
4903,-6.40286952380952,0,0
4907,-6.40286952380952,0,0.2944385
4912,-6.40286952380952,1.4721925,-0.368048125
4916,-0.514099523809518,0,0
4921,-0.514099523809518,0,0
4925,-0.514099523809518,0,0
4930,-0.514099523809518,0,0.0981465
4934,-0.514099523809518,0.392586,-0.0785172
4939,1.44883047619048,0,0
4943,1.44883047619048,0,-0
4948,1.44883047619048,-0,-0.000198355295068715
0,1.44883047619048,0.981462,-0.1962924
5,6.35614047619048,0,0
9,6.35614047619048,0,0
14,6.35614047619048,0,0
18,6.35614047619048,0,-0.0981465
23,6.35614047619048,-0.4907325,0.122683125
27,4.39321047619048,0,0
32,4.39321047619048,0,0
36,4.39321047619048,0,0
40,4.39321047619048,0,0
45,4.39321047619048,0,0
49,4.39321047619048,0,0
54,4.39321047619048,0,0
58,4.39321047619048,0,-0.1962925
63,4.39321047619048,-0.9814625,0.245365625
67,0.467360476190482,0,0
72,0.467360476190482,0,0
76,0.467360476190482,0,-0.147219
81,0.467360476190482,-0.736095,0.18402375
85,-2.47701952380952,0,0
90,-2.47701952380952,0,0
94,-2.47701952380952,0,0
99,-2.47701952380952,0,-0.294439
103,-2.47701952380952,-1.177756,0.2355512
108,-8.36579952380952,0,0
112,-8.36579952380952,0,0
117,-8.36579952380952,0,0.0981465
121,-8.36579952380952,0.392586,-0.0785172
126,-6.40286952380952,0,0
130,-6.40286952380952,0,0
135,-6.40286952380952,0,0
139,-6.40286952380952,0,0.441658
144,-6.40286952380952,2.20829,-0.5520725
148,2.43029047619048,0,0
153,2.43029047619048,0,0
157,2.43029047619048,0,-0.049073
162,2.43029047619048,-0.245365,0.06134125
166,1.44883047619048,0,0
171,1.44883047619048,0,0
175,1.44883047619048,0,0
179,1.44883047619048,0,0.049073
184,1.44883047619048,0.245365,-0.06134125
188,2.43029047619048,0,0
193,2.43029047619048,0,0
197,2.43029047619048,0,-0.049073
202,2.43029047619048,-0.245365,0.06134125
206,1.44883047619048,0,0
211,1.44883047619048,0,0
215,1.44883047619048,0,0
220,1.44883047619048,0,0.2453655
224,1.44883047619048,0.981462,-0.1962924
229,6.35614047619048,0,0
233,6.35614047619048,0,0
238,6.35614047619048,0,-0.0981465
242,6.35614047619048,-0.392586,0.0785172
247,4.39321047619048,0,0
251,4.39321047619048,0,0
256,4.39321047619048,0,0
260,4.39321047619048,0,0
265,4.39321047619048,0,0
269,4.39321047619048,0,0
274,4.39321047619048,0,0
278,4.39321047619048,0,-0.1962925
283,4.39321047619048,-0.9814625,0.245365625
287,0.467360476190482,0,0
292,0.467360476190482,0,0
296,0.467360476190482,0,0
301,0.467360476190482,0,0
305,0.467360476190482,0,0
310,0.467360476190482,0,0
314,0.467360476190482,0,0
318,0.467360476190482,0,0.245366
323,0.467360476190482,1.22683,-0.3067075
327,5.37468047619048,0,0
332,5.37468047619048,0,0
336,5.37468047619048,0,0
341,5.37468047619048,0,-0.392585
345,5.37468047619048,-1.57034,0.314068
350,-2.47701952380952,0,0
354,-2.47701952380952,0,0
359,-2.47701952380952,0,0.049073
363,-2.47701952380952,0.196292,-0.0392584
368,-1.49555952380952,0,0
372,-1.49555952380952,0,0
377,-1.49555952380952,0,0
381,-1.49555952380952,0,-0.1472195
386,-1.49555952380952,-0.7360975,0.184024375
390,-4.43994952380952,0,0
395,-4.43994952380952,0,0
399,-4.43994952380952,0,-0.098146
404,-4.43994952380952,-0.49073,0.1226825
408,-6.40286952380952,0,0
413,-6.40286952380952,0,0
417,-6.40286952380952,0,0
422,-6.40286952380952,0,-0.0490735
426,-6.40286952380952,-0.196294,0.0392588
431,-7.38433952380952,0,0
435,-7.38433952380952,0,0
440,-7.38433952380952,0,0.0981465
444,-7.38433952380952,0.392586,-0.0785172
449,-5.42140952380952,0,0
453,-5.42140952380952,0,0
457,-5.42140952380952,0,0
462,-5.42140952380952,0,0.1962925
466,-5.42140952380952,0.78517,-0.157034
471,-1.49555952380952,0,0
475,-1.49555952380952,0,0
480,-1.49555952380952,0,0
484,-1.49555952380952,0,0
489,-1.49555952380952,0,0
493,-1.49555952380952,0,0
498,-1.49555952380952,0,0
502,-1.49555952380952,0,0.049073
507,-1.49555952380952,0.245365,-0.06134125
511,-0.514099523809518,0,0
516,-0.514099523809518,0,0
520,-0.514099523809518,0,-0.1472195
525,-0.514099523809518,-0.7360975,0.184024375
529,-3.45848952380952,0,0
534,-3.45848952380952,0,0
538,-3.45848952380952,0,0
543,-3.45848952380952,0,-0.049073
547,-3.45848952380952,-0.196292,0.0392584
552,-4.43994952380952,0,0
556,-4.43994952380952,0,0
561,-4.43994952380952,0,0.049073
565,-4.43994952380952,0.196292,-0.0392584
570,-3.45848952380952,0,0
574,-3.45848952380952,0,0
579,-3.45848952380952,0,0
583,-3.45848952380952,0,0.245366
588,-3.45848952380952,1.22683,-0.3067075
592,1.44883047619048,0,0
596,1.44883047619048,0,0
601,1.44883047619048,0,-0.1962925
605,1.44883047619048,-0.78517,0.157034
610,-2.47701952380952,0,0
614,-2.47701952380952,0,0
619,-2.47701952380952,0,0
623,-2.47701952380952,0,0.098146
628,-2.47701952380952,0.49073,-0.1226825
632,-0.514099523809518,0,0
637,-0.514099523809518,0,0
641,-0.514099523809518,0,-0.049073
646,-0.514099523809518,-0.245365,0.06134125
650,-1.49555952380952,0,0
655,-1.49555952380952,0,0
659,-1.49555952380952,0,0
664,-1.49555952380952,0,0.1962925
668,-1.49555952380952,0.78517,-0.157034
673,2.43029047619048,0,0
677,2.43029047619048,0,0
682,2.43029047619048,0,-0.0981465
686,2.43029047619048,-0.392586,0.0785172
691,0.467360476190482,0,0
695,0.467360476190482,0,0
700,0.467360476190482,0,0
704,0.467360476190482,0,0.0981465
709,0.467360476190482,0.4907325,-0.122683125
713,2.43029047619048,0,0
718,2.43029047619048,0,0
722,2.43029047619048,0,0.049073
727,2.43029047619048,0.245365,-0.06134125
731,3.41175047619048,0,0
735,3.41175047619048,0,0
740,3.41175047619048,0,0
744,3.41175047619048,0,-0.1472195
749,3.41175047619048,-0.7360975,0.184024375
753,0.467360476190482,0,0
758,0.467360476190482,0,0
762,0.467360476190482,0,-0.098146
767,0.467360476190482,-0.49073,0.1226825
771,-1.49555952380952,0,0
776,-1.49555952380952,0,0
780,-1.49555952380952,0,0
785,-1.49555952380952,0,-0.0981465
789,-1.49555952380952,-0.392586,0.0785172
794,-3.45848952380952,0,0
798,-3.45848952380952,0,0
803,-3.45848952380952,0,0.245366
807,-3.45848952380952,0.981464,-0.1962928
812,1.44883047619048,0,0
816,1.44883047619048,0,0
821,1.44883047619048,0,0
825,1.44883047619048,0,0.049073
830,1.44883047619048,0.245365,-0.06134125
834,2.43029047619048,0,0
839,2.43029047619048,0,0
843,2.43029047619048,0,-0.1472195
848,2.43029047619048,-0.7360975,0.184024375
852,-0.514099523809518,0,0
857,-0.514099523809518,0,0
861,-0.514099523809518,0,0
866,-0.514099523809518,0,-0.049073
870,-0.514099523809518,-0.196292,0.0392584
875,-1.49555952380952,0,0
879,-1.49555952380952,0,0
883,-1.49555952380952,0,0.049073
888,-1.49555952380952,0.245365,-0.06134125
892,-0.514099523809518,0,0
897,-0.514099523809518,0,0
901,-0.514099523809518,0,0
906,-0.514099523809518,0,0.343512
910,-0.514099523809518,1.374048,-0.2748096
915,6.35614047619048,0,0
919,6.35614047619048,0,0
924,6.35614047619048,0,-0.0981465
928,6.35614047619048,-0.392586,0.0785172
933,4.39321047619048,0,0
937,4.39321047619048,0,0
942,4.39321047619048,0,0
946,4.39321047619048,0,0
951,4.39321047619048,0,0
955,4.39321047619048,0,0
960,4.39321047619048,0,0
964,4.39321047619048,0,-0.1962925
969,4.39321047619048,-0.9814625,0.245365625
973,0.467360476190482,0,0
978,0.467360476190482,0,0
982,0.467360476190482,0,0
987,0.467360476190482,0,0.0981465
991,0.467360476190482,0.392586,-0.0785172
996,2.43029047619048,0,0
1000,2.43029047619048,0,0
1005,2.43029047619048,0,-0.049073
1009,2.43029047619048,-0.196292,0.0392584
1014,1.44883047619048,0,0
1018,1.44883047619048,0,0
1022,1.44883047619048,0,0
1027,1.44883047619048,0,0.147219
1031,1.44883047619048,0.588876,-0.1177752
1036,4.39321047619048,0,0
1040,4.39321047619048,0,0
1045,4.39321047619048,0,0.0490735000000001
1049,4.39321047619048,0.196294,-0.0392588000000001
1054,5.37468047619048,0,0
1058,5.37468047619048,0,0
1063,5.37468047619048,0,0
1067,5.37468047619048,0,-0.1962925
1072,5.37468047619048,-0.9814625,0.245365625
1076,1.44883047619048,0,0
1081,1.44883047619048,0,0
1085,1.44883047619048,0,-0.245366
1090,1.44883047619048,-1.22683,0.3067075
1094,-3.45848952380952,0,0
1099,-3.45848952380952,0,0
1103,-3.45848952380952,0,0
1108,-3.45848952380952,0,0.0981465
1112,-3.45848952380952,0.392586,-0.0785172
1117,-1.49555952380952,0,0
1121,-1.49555952380952,0,0
1126,-1.49555952380952,0,0.098146
1130,-1.49555952380952,0.392584,-0.0785168
1135,0.467360476190482,0,0
1139,0.467360476190482,0,0
1144,0.467360476190482,0,0
1148,0.467360476190482,0,0.0490735
1153,0.467360476190482,0.2453675,-0.061341875
1157,1.44883047619048,0,0
1161,1.44883047619048,0,0
1166,1.44883047619048,0,0.098146
1170,1.44883047619048,0.392584,-0.0785168
1175,3.41175047619048,0,0
1179,3.41175047619048,0,0
1184,3.41175047619048,0,0
1188,3.41175047619048,0,0.1472195
1193,3.41175047619048,0.7360975,-0.184024375
1197,6.35614047619048,0,0
1202,6.35614047619048,0,0
1206,6.35614047619048,0,0.0490730000000001
1211,6.35614047619048,0.245365,-0.0613412500000001
1215,7.33760047619048,0,0
1220,7.33760047619048,0,0
1224,7.33760047619048,0,0
1229,7.33760047619048,0,-0.2453655
1233,7.33760047619048,-0.981462,0.1962924
1238,2.43029047619048,0,0
1242,2.43029047619048,0,0
1247,2.43029047619048,0,-0.1472195
1251,2.43029047619048,-0.588878,0.1177756
1256,-0.514099523809518,0,0
1260,-0.514099523809518,0,0
1265,-0.514099523809518,0,0
1269,-0.514099523809518,0,0.0981465
1274,-0.514099523809518,0.4907325,-0.122683125
1278,1.44883047619048,0,0
1283,1.44883047619048,0,0
1287,1.44883047619048,0,0.098146
1292,1.44883047619048,0.49073,-0.1226825
1296,3.41175047619048,0,0
1300,3.41175047619048,0,0
1305,3.41175047619048,0,0
1309,3.41175047619048,0,0.2453655
1314,3.41175047619048,1.2268275,-0.306706875
1318,8.31906047619048,0,0
1323,8.31906047619048,0,0
1327,8.31906047619048,0,0
1332,8.31906047619048,0,0
1336,8.31906047619048,0,0
1341,8.31906047619048,0,0
1345,8.31906047619048,0,0
1350,8.31906047619048,0,-0.5888775
1354,8.31906047619048,-2.35551,0.471102
1359,-3.45848952380952,0,0
1363,-3.45848952380952,0,0
1368,-3.45848952380952,0,-0.2453655
1372,-3.45848952380952,-0.981462,0.1962924
1377,-8.36579952380952,0,0
1381,-8.36579952380952,0,0
1386,-8.36579952380952,0,0
1390,-8.36579952380952,0,0
1395,-8.36579952380952,0,0
1399,-8.36579952380952,0,0
1404,-8.36579952380952,0,0
1408,-8.36579952380952,0,0
1413,-8.36579952380952,0,0
1417,-8.36579952380952,0,0
1422,-8.36579952380952,0,0
1426,-8.36579952380952,0,0
1431,-8.36579952380952,0,0.294439
1435,-8.36579952380952,1.177756,-0.2355512
1440,-2.47701952380952,0,0
1444,-2.47701952380952,0,0
1448,-2.47701952380952,0,0.2944385
1453,-2.47701952380952,1.4721925,-0.368048125
1457,3.41175047619048,0,0
1462,3.41175047619048,0,0
1466,3.41175047619048,0,0
1471,3.41175047619048,0,0.0490729999999999
1475,3.41175047619048,0.196292,-0.0392583999999999
1480,4.39321047619048,0,0
1484,4.39321047619048,0,0
1489,4.39321047619048,0,-0.932389
1493,4.39321047619048,-3.729556,0.7459112
1498,-14.2545695238095,0,0
1502,-14.2545695238095,0,0
1507,-14.2545695238095,0,0
1511,-14.2545695238095,0,-1.8157055
1516,-14.2545695238095,-9.0785275,2.269631875
1520,-50.5686795238095,0,0
1525,-50.5686795238095,0,0
1529,-50.5686795238095,0,-4.661947
1534,-50.5686795238095,-23.309735,5.82743375
1538,-143.80761952381,0,0
1543,-143.80761952381,0,0
1547,-143.80761952381,0,0
1552,-143.80761952381,0,-9.3238935
1556,-143.80761952381,-37.295574,7.4591148
1561,-330.28548952381,0,0
1565,-330.28548952381,0,0
1570,-330.28548952381,0,-8.48965
1574,-330.28548952381,-33.9586,6.79172
1579,-500.07848952381,0,0
1583,-500.07848952381,0,0
1587,-500.07848952381,0,0
1592,-500.07848952381,0,-15.899691
1596,-500.07848952381,-63.598764,12.7197528
1601,-818.07230952381,0,0
1605,-818.07230952381,0,0
1610,-818.07230952381,0,-6.28135999999999
1614,-818.07230952381,-25.12544,4.43621149999999
1619,-943.699509523809,-2.94438250000002,0.736095625000004
1623,-955.477039523809,0,0
1628,-955.477039523809,0,0
1632,-955.477039523809,0,26.205046
1637,-955.477039523809,131.02523,-32.7563075
1641,-431.37611952381,0,0
1646,-431.37611952381,0,0
1650,-431.37611952381,0,13.3478895
1655,-431.37611952381,66.7394475,-16.586715375
1659,-164.41832952381,0.392586,-0.0785172
1664,-162.45539952381,0,0
1668,-162.45539952381,0,0
1673,-162.45539952381,0,20.0218345
1677,-162.45539952381,80.087338,-16.0174676
1682,237.98129047619,0,0
1686,237.98129047619,0,0
1691,237.98129047619,0,10.207209
1695,237.98129047619,40.828836,-7.4787437
1700,442.12547047619,3.4351175,-0.858779375000001
1704,455.86594047619,0,0
1709,455.86594047619,0,0
1713,455.86594047619,0,11.6794035
1718,455.86594047619,58.3970175,-14.599254375
1722,689.454010476191,0,0
1727,689.454010476191,0,0
1731,689.454010476191,0,7.8516985
1735,689.454010476191,31.406794,-6.2322853
1740,846.487980476191,0.245367500000015,-0.0613418750000037
1744,847.469450476191,0,0
1749,847.469450476191,0,0
1753,847.469450476191,0,0.687023499999998
1758,847.469450476191,3.43511749999999,-0.858779374999997
1762,861.209920476191,0,0
1767,861.209920476191,0,0
1771,861.209920476191,0,0
1776,861.209920476191,0,-0.4416585
1780,861.209920476191,-1.766634,0.3533268
1785,852.376750476191,0,0
1789,852.376750476191,0,0
1794,852.376750476191,0,-9.0785285
1798,852.376750476191,-36.314114,7.2628228
1803,670.806180476191,0,0
1807,670.806180476191,0,0
1812,670.806180476191,0,0
1816,670.806180476191,0,-7.6063335
1821,670.806180476191,-38.0316675,9.507916875
1825,518.679510476191,0,0
1830,518.679510476191,0,0
1834,518.679510476191,0,-17.028372
1839,518.679510476191,-85.14186,21.285465
1843,178.11207047619,0,0
1848,178.11207047619,0,0
1852,178.11207047619,0,0
1857,178.11207047619,0,-12.317354
1861,178.11207047619,-49.269416,9.8538832
1866,-68.2350095238095,0,0
1870,-68.2350095238095,0,0
1874,-68.2350095238095,0,-11.9738415
1879,-68.2350095238095,-59.8692075,14.967301875
1883,-307.71183952381,0,0
1888,-307.71183952381,0,0
1892,-307.71183952381,0,0
1897,-307.71183952381,0,-12.170133
1901,-307.71183952381,-48.680532,9.7361064
1906,-551.11449952381,0,0
1910,-551.11449952381,0,0
1915,-551.11449952381,0,-2.355512
1919,-551.11449952381,-9.42204799999999,1.8844096
1924,-598.224739523809,0,0
1928,-598.224739523809,0,0
1933,-598.224739523809,0,0
1937,-598.224739523809,0,-0.687023499999998
1942,-598.224739523809,-3.43511749999999,0.858779374999997
1946,-611.965209523809,0,0
1951,-611.965209523809,0,0
1955,-611.965209523809,0,2.7480945
1960,-611.965209523809,13.7404725,-3.435118125
1964,-557.00331952381,0,0
1969,-557.00331952381,0,0
1973,-557.00331952381,0,0
1978,-557.00331952381,0,5.0054595
1982,-557.00331952381,20.021838,-4.0043676
1987,-456.89412952381,0,0
1991,-456.89412952381,0,0
1996,-456.89412952381,0,5.2508245
2000,-456.89412952381,21.003298,-4.2006596
2005,-351.87763952381,0,0
2009,-351.87763952381,0,0
2014,-351.87763952381,0,0
2018,-351.87763952381,0,14.6237895
2022,-351.87763952381,58.495158,-11.6990316
2027,-59.4018495238095,0,0
2031,-59.4018495238095,0,0
2036,-59.4018495238095,0,7.4591145
2040,-59.4018495238095,29.836458,-5.9672916
2045,89.7804404761905,0,0
2049,89.7804404761905,0,0
2054,89.7804404761905,0,0
2058,89.7804404761905,0,8.735016
2063,89.7804404761905,43.67508,-10.91877
2067,264.48076047619,0,0
2072,264.48076047619,0,0
2076,264.48076047619,0,5.1526775
2081,264.48076047619,25.7633875,-6.440846875
2085,367.53431047619,0,0
2090,367.53431047619,0,0
2094,367.53431047619,0,0
2099,367.53431047619,0,2.944387
2103,367.53431047619,11.777548,-2.3555096
2108,426.42205047619,0,0
2112,426.42205047619,0,0
2117,426.42205047619,0,-0.490731
2121,426.42205047619,-1.962924,0.3925848
2126,416.60743047619,0,0
2130,416.60743047619,0,0
2135,416.60743047619,0,0
2139,416.60743047619,0,-2.5518015
2144,416.60743047619,-12.7590075,3.189751875
2148,365.57140047619,0,0
2153,365.57140047619,0,0
2157,365.57140047619,0,-3.484192
2161,365.57140047619,-13.936768,2.7873536
2166,295.88756047619,0,0
2170,295.88756047619,0,0
2175,295.88756047619,0,0
2179,295.88756047619,0,-2.797168
2184,295.88756047619,-13.98584,3.49646
2188,239.94420047619,0,0
2193,239.94420047619,0,0
2197,239.94420047619,0,-11.973842
2202,239.94420047619,-59.86921,14.9673025
2206,0.467360476190482,0,0
2211,0.467360476190482,0,0
2215,0.467360476190482,0,0
2220,0.467360476190482,0,-3.8767765
2224,0.467360476190482,-15.507106,3.1014212
2229,-77.0681695238095,0,0
2233,-77.0681695238095,0,0
2238,-77.0681695238095,0,-4.2202885
2242,-77.0681695238095,-16.881154,3.3762308
2247,-161.47393952381,0,0
2251,-161.47393952381,0,0
2256,-161.47393952381,0,0
2260,-161.47393952381,0,-4.3675075
2265,-161.47393952381,-21.8375375,5.459384375
2269,-248.82408952381,0,0
2274,-248.82408952381,0,0
2278,-248.82408952381,0,-2.7480945
2283,-248.82408952381,-13.7404725,3.435118125
2287,-303.78597952381,0,0
2292,-303.78597952381,0,0
2296,-303.78597952381,0,0
2301,-303.78597952381,0,0.184023750000001
2305,-303.78597952381,0.736095000000006,-0.184023750000001
2309,-300.84159952381,0,0
2314,-300.84159952381,0,0
2318,-300.84159952381,0,2.4536555
2323,-300.84159952381,12.2682775,-3.067069375
2327,-251.76848952381,0,0
2332,-251.76848952381,0,0
2336,-251.76848952381,0,0
2341,-251.76848952381,0,1.6684865
2345,-251.76848952381,6.673946,-1.3347892
2350,-218.39875952381,0,0
2354,-218.39875952381,0,0
2359,-218.39875952381,0,5.3980435
2363,-218.39875952381,21.592174,-4.3184348
2368,-110.43788952381,0,0
2372,-110.43788952381,0,0
2377,-110.43788952381,0,0
2381,-110.43788952381,0,5.201751
2386,-110.43788952381,26.008755,-6.50218875
2390,-6.40286952380952,0,0
2395,-6.40286952380952,0,0
2399,-6.40286952380952,0,4.318435
2404,-6.40286952380952,21.592175,-5.39804375
2408,79.9658304761905,0,0
2413,79.9658304761905,0,0
2417,79.9658304761905,0,0
2422,79.9658304761905,0,3.2878985
2426,79.9658304761905,13.151594,-2.6303188
2431,145.72380047619,0,0
2435,145.72380047619,0,0
2440,145.72380047619,0,2.5149975
2444,145.72380047619,10.05999,-2.5149975
2448,185.96376047619,0,0
2453,185.96376047619,0,0
2457,185.96376047619,0,0
2462,185.96376047619,0,1.2268285
2466,185.96376047619,4.907314,-0.981462799999999
2471,210.50033047619,0,0
2475,210.50033047619,0,0
2480,210.50033047619,0,-0.883316499999999
2484,210.50033047619,-3.533266,0.7066532
2489,192.83400047619,0,0
2493,192.83400047619,0,0
2498,192.83400047619,0,0
2502,192.83400047619,0,-1.8647785
2507,192.83400047619,-9.3238925,2.330973125
2511,155.53843047619,0,0
2516,155.53843047619,0,0
2520,155.53843047619,0,-1.7666325
2525,155.53843047619,-8.8331625,2.208290625
2529,120.20578047619,0,0
2534,120.20578047619,0,0
2538,120.20578047619,0,0
2543,120.20578047619,0,-3.5823375
2547,120.20578047619,-14.32935,2.86587
2552,48.5590304761905,0,0
2556,48.5590304761905,0,0
2561,48.5590304761905,0,-1.521267
2565,48.5590304761905,-6.085068,1.2170136
2570,18.1336904761905,0,0
2574,18.1336904761905,0,0
2579,18.1336904761905,0,0
2583,18.1336904761905,0,-3.0425335
2588,18.1336904761905,-15.2126675,3.803166875
2592,-42.7169795238095,0,0
2596,-42.7169795238095,0,0
2601,-42.7169795238095,0,-2.1592175
2605,-42.7169795238095,-8.63687,1.727374
2610,-85.9013295238095,0,0
2614,-85.9013295238095,0,0
2619,-85.9013295238095,0,0
2623,-85.9013295238095,0,-1.4721935
2628,-85.9013295238095,-7.3609675,1.840241875
2632,-115.34519952381,0,0
2637,-115.34519952381,0,0
2641,-115.34519952381,0,-0.637951
2646,-115.34519952381,-3.189755,0.79743875
2650,-128.10421952381,0,0
2655,-128.10421952381,0,0
2659,-128.10421952381,0,0
2664,-128.10421952381,0,0.981463
2668,-128.10421952381,3.925852,-0.7851704
2673,-108.47495952381,0,0
2677,-108.47495952381,0,0
2682,-108.47495952381,0,0.981462
2686,-108.47495952381,3.925848,-0.7851696
2691,-88.8457195238095,0,0
2695,-88.8457195238095,0,0
2700,-88.8457195238095,0,0
2704,-88.8457195238095,0,1.668486
2709,-88.8457195238095,8.34243,-2.0856075
2713,-55.4759995238095,0,0
2718,-55.4759995238095,0,0
2722,-55.4759995238095,0,1.7175595
2727,-55.4759995238095,8.5877975,-2.146949375
2731,-21.1248095238095,0,0
2735,-21.1248095238095,0,0
2740,-21.1248095238095,0,0
2744,-21.1248095238095,0,1.913852
2749,-21.1248095238095,9.56926,-2.392315
2753,17.1522304761905,0,0
2758,17.1522304761905,0,0
2762,17.1522304761905,0,1.1286815
2767,17.1522304761905,5.6434075,-1.410851875
2771,39.7258604761905,0,0
2776,39.7258604761905,0,0
2780,39.7258604761905,0,0
2785,39.7258604761905,0,0.78517
2789,39.7258604761905,3.14068,-0.628136
2794,55.4292604761905,0,0
2798,55.4292604761905,0,0
2803,55.4292604761905,0,0.6379505
2807,55.4292604761905,2.551802,-0.5103604
2812,68.1882704761905,0,0
2816,68.1882704761905,0,0
2821,68.1882704761905,0,0
2825,68.1882704761905,0,-0.3435115
2830,68.1882704761905,-1.7175575,0.429389375
2834,61.3180404761905,0,0
2839,61.3180404761905,0,0
2843,61.3180404761905,0,-1.0305355
2848,61.3180404761905,-5.1526775,1.288169375
2852,40.7073304761905,0,0
2857,40.7073304761905,0,0
2861,40.7073304761905,0,0
2866,40.7073304761905,0,-0.9814625
2870,40.7073304761905,-3.92585,0.78517
2875,21.0780804761905,0,0
2879,21.0780804761905,0,0
2883,21.0780804761905,0,-0.9814625
2888,21.0780804761905,-4.9073125,1.226828125
2892,1.44883047619048,0,0
2897,1.44883047619048,0,0
2901,1.44883047619048,0,0
2906,1.44883047619048,0,-0.736097
2910,1.44883047619048,-2.944388,0.5888776
2915,-13.2731095238095,0,0
2919,-13.2731095238095,0,0
2924,-13.2731095238095,0,-0.2453655
2928,-13.2731095238095,-0.981462,0.1962924
2933,-18.1804195238095,0,0
2937,-18.1804195238095,0,0
2942,-18.1804195238095,0,0
2946,-18.1804195238095,0,-0.2453655
2951,-18.1804195238095,-1.2268275,0.306706875
2955,-23.0877295238095,0,0
2960,-23.0877295238095,0,0
2964,-23.0877295238095,0,0
2969,-23.0877295238095,0,0
2973,-23.0877295238095,0,0
2978,-23.0877295238095,0,0
2982,-23.0877295238095,0,0
2987,-23.0877295238095,0,0.588877
2991,-23.0877295238095,2.355508,-0.4711016
2996,-11.3101895238095,0,0
3000,-11.3101895238095,0,0
3005,-11.3101895238095,0,0.5398045
3009,-11.3101895238095,2.159218,-0.4318436
3014,-0.514099523809518,0,0
3018,-0.514099523809518,0,0
3022,-0.514099523809518,0,0
3027,-0.514099523809518,0,0.2453655
3031,-0.514099523809518,0.981462,-0.1962924
3036,4.39321047619048,0,0
3040,4.39321047619048,0,0
3045,4.39321047619048,0,0.0981465
3049,4.39321047619048,0.392586,-0.0785172
3054,6.35614047619048,0,0
3058,6.35614047619048,0,0
3063,6.35614047619048,0,0
3067,6.35614047619048,0,0
3072,6.35614047619048,0,0
3076,6.35614047619048,0,0
3081,6.35614047619048,0,0
3085,6.35614047619048,0,-0.0490729999999999
3090,6.35614047619048,-0.245365,0.0613412499999999
3094,5.37468047619048,0,0
3099,5.37468047619048,0,0
3103,5.37468047619048,0,0
3108,5.37468047619048,0,-0.0981465
3112,5.37468047619048,-0.392586,0.0785172
3117,3.41175047619048,0,0
3121,3.41175047619048,0,0
3126,3.41175047619048,0,-0.049073
3130,3.41175047619048,-0.196292,0.0392584
3135,2.43029047619048,0,0
3139,2.43029047619048,0,0
3144,2.43029047619048,0,0
3148,2.43029047619048,0,0.049073
3153,2.43029047619048,0.245365,-0.06134125
3157,3.41175047619048,0,0
3162,3.41175047619048,0,0
3166,3.41175047619048,0,-0.1962925
3170,3.41175047619048,-0.78517,0.157034
3175,-0.514099523809518,0,0
3179,-0.514099523809518,0,0
3184,-0.514099523809518,0,0
3188,-0.514099523809518,0,0
3193,-0.514099523809518,0,0
3197,-0.514099523809518,0,0
3202,-0.514099523809518,0,0
3206,-0.514099523809518,0,0.0981465
3211,-0.514099523809518,0.4907325,-0.122683125
3215,1.44883047619048,0,0
3220,1.44883047619048,0,0
3224,1.44883047619048,0,0
3229,1.44883047619048,0,0.049073
3233,1.44883047619048,0.196292,-0.0392584
3238,2.43029047619048,0,0
3242,2.43029047619048,0,0
3247,2.43029047619048,0,0.049073
3251,2.43029047619048,0.196292,-0.0392584
3256,3.41175047619048,0,0
3260,3.41175047619048,0,0
3265,3.41175047619048,0,0
3269,3.41175047619048,0,0
3274,3.41175047619048,0,0
3278,3.41175047619048,0,0
3283,3.41175047619048,0,0
3287,3.41175047619048,0,-0.049073
3292,3.41175047619048,-0.245365,0.06134125
3296,2.43029047619048,0,0
3301,2.43029047619048,0,0
3305,2.43029047619048,0,0
3309,2.43029047619048,0,0.1472195
3314,2.43029047619048,0.7360975,-0.184024375
3318,5.37468047619048,0,0
3323,5.37468047619048,0,0
3327,5.37468047619048,0,0.098146
3332,5.37468047619048,0.49073,-0.1226825
3336,7.33760047619048,0,0
3341,7.33760047619048,0,0
3345,7.33760047619048,0,0
3350,7.33760047619048,0,0.0490729999999999
3354,7.33760047619048,0.196292,-0.0392583999999999
3359,8.31906047619048,0,0
3363,8.31906047619048,0,0
3368,8.31906047619048,0,0.0490735000000001
3372,8.31906047619048,0.196294,-0.0392588000000001
3377,9.30053047619048,0,0
3381,9.30053047619048,0,0
3386,9.30053047619048,0,0
3390,9.30053047619048,0,-0.1472195
3395,9.30053047619048,-0.736097500000001,0.184024375
3399,6.35614047619048,0,0
3404,6.35614047619048,0,0
3408,6.35614047619048,0,-0.2453655
3413,6.35614047619048,-1.2268275,0.306706875
3417,1.44883047619048,0,0
3422,1.44883047619048,0,0
3426,1.44883047619048,0,0
3431,1.44883047619048,0,0
3435,1.44883047619048,0,0
3440,1.44883047619048,0,0
3444,1.44883047619048,0,0
3449,1.44883047619048,0,0
3453,1.44883047619048,0,0
3457,1.44883047619048,0,0
3462,1.44883047619048,0,0
3466,1.44883047619048,0,0
3471,1.44883047619048,0,0.098146
3475,1.44883047619048,0.392584,-0.0785168
3480,3.41175047619048,0,0
3484,3.41175047619048,0,0
3489,3.41175047619048,0,-0.049073
3493,3.41175047619048,-0.196292,0.0392584
3498,2.43029047619048,0,0
3502,2.43029047619048,0,0
3507,2.43029047619048,0,0
3511,2.43029047619048,0,-0.049073
3516,2.43029047619048,-0.245365,0.06134125
3520,1.44883047619048,0,0
3525,1.44883047619048,0,0
3529,1.44883047619048,0,0.147219
3534,1.44883047619048,0.736095,-0.18402375
3538,4.39321047619048,0,0
3543,4.39321047619048,0,0
3547,4.39321047619048,0,0
3552,4.39321047619048,0,0.0981465
3556,4.39321047619048,0.392586,-0.0785172
3561,6.35614047619048,0,0
3565,6.35614047619048,0,0
3570,6.35614047619048,0,0
3574,6.35614047619048,0,0
3579,6.35614047619048,0,0
3583,6.35614047619048,0,0
3588,6.35614047619048,0,0
3592,6.35614047619048,0,0.1962925
3596,6.35614047619048,0.78517,-0.157034
3601,10.2819904761905,0,0
3605,10.2819904761905,0,0
3610,10.2819904761905,0,-0.2453655
3614,10.2819904761905,-0.981462,0.1962924
3619,5.37468047619048,0,0
3623,5.37468047619048,0,0
3628,5.37468047619048,0,0
3632,5.37468047619048,0,-0.0981465
3637,5.37468047619048,-0.4907325,0.122683125
3641,3.41175047619048,0,0
3646,3.41175047619048,0,0
3650,3.41175047619048,0,-0.1472195
3655,3.41175047619048,-0.7360975,0.184024375
3659,0.467360476190482,0,0
3664,0.467360476190482,0,0
3668,0.467360476190482,0,0
3673,0.467360476190482,0,0.0490735
3677,0.467360476190482,0.196294,-0.0392588
3682,1.44883047619048,0,0
3686,1.44883047619048,0,0
3691,1.44883047619048,0,0.1962925
3695,1.44883047619048,0.78517,-0.157034
3700,5.37468047619048,0,0
3704,5.37468047619048,0,0
3709,5.37468047619048,0,0
3713,5.37468047619048,0,-0.0981465
3718,5.37468047619048,-0.4907325,0.122683125
3722,3.41175047619048,0,0
3727,3.41175047619048,0,0
3731,3.41175047619048,0,-0.049073
3735,3.41175047619048,-0.196292,0.0392584
3740,2.43029047619048,0,0
3744,2.43029047619048,0,0
3749,2.43029047619048,0,0
3753,2.43029047619048,0,-0.049073
3758,2.43029047619048,-0.245365,0.06134125
3762,1.44883047619048,0,0
3767,1.44883047619048,0,0
3771,1.44883047619048,0,0.049073
3776,1.44883047619048,0.245365,-0.06134125
3780,2.43029047619048,0,0
3785,2.43029047619048,0,0
3789,2.43029047619048,0,0
3794,2.43029047619048,0,0.2944385
3798,2.43029047619048,1.177754,-0.2355508
3803,8.31906047619048,0,0
3807,8.31906047619048,0,0
3812,8.31906047619048,0,-0.2453655
3816,8.31906047619048,-0.981462,0.1962924
3821,3.41175047619048,0,0
3825,3.41175047619048,0,0
3830,3.41175047619048,0,0
3834,3.41175047619048,0,-0.049073
3839,3.41175047619048,-0.245365,0.06134125
3843,2.43029047619048,0,0
3848,2.43029047619048,0,0
3852,2.43029047619048,0,0.1962925
3857,2.43029047619048,0.9814625,-0.245365625
3861,6.35614047619048,0,0
3866,6.35614047619048,0,0
3870,6.35614047619048,0,0
3875,6.35614047619048,0,-0.184024375
3879,6.35614047619048,-0.7360975,0.184024375
3883,3.41175047619048,0,0
3888,3.41175047619048,0,0
3892,3.41175047619048,0,-0.2944385
3897,3.41175047619048,-1.4721925,0.368048125
3901,-2.47701952380952,0,0
3906,-2.47701952380952,0,0
3910,-2.47701952380952,0,0
3915,-2.47701952380952,0,-0.1962925
3919,-2.47701952380952,-0.78517,0.157034
3924,-6.40286952380952,0,0
3928,-6.40286952380952,0,0
3933,-6.40286952380952,0,0.147219
3937,-6.40286952380952,0.588876,-0.1177752
3942,-3.45848952380952,0,0
3946,-3.45848952380952,0,0
3951,-3.45848952380952,0,0
3955,-3.45848952380952,0,0.343512
3960,-3.45848952380952,1.71756,-0.42939
3964,3.41175047619048,0,0
3969,3.41175047619048,0,0
3973,3.41175047619048,0,0.294439
3978,3.41175047619048,1.472195,-0.36804875
3982,9.30053047619048,0,0
3987,9.30053047619048,0,0
3991,9.30053047619048,0,0
3996,9.30053047619048,0,0.392585
4000,9.30053047619048,1.57034,-0.314068
4005,17.1522304761905,0,0
4009,17.1522304761905,0,0
4014,17.1522304761905,0,-0.42939
4018,17.1522304761905,-1.71756,0.42939
4022,10.2819904761905,0,0
4027,10.2819904761905,0,0
4031,10.2819904761905,0,0
4036,10.2819904761905,0,-0.4907315
4040,10.2819904761905,-1.962926,0.3925852
4045,0.467360476190482,0,0
4049,0.467360476190482,0,0
4054,0.467360476190482,0,-0.2453655
4058,0.467360476190482,-0.981462,0.1962924
4063,-4.43994952380952,0,0
4067,-4.43994952380952,0,0
4072,-4.43994952380952,0,0
4076,-4.43994952380952,0,0.1962925
4081,-4.43994952380952,0.9814625,-0.245365625
4085,-0.514099523809518,0,0
4090,-0.514099523809518,0,0
4094,-0.514099523809518,0,0.5888775
4099,-0.514099523809518,2.9443875,-0.736096875
4103,11.2634504761905,0,0
4108,11.2634504761905,0,0
4112,11.2634504761905,0,0
4117,11.2634504761905,0,-0.490731
4121,11.2634504761905,-1.962924,0.3925848
4126,1.44883047619048,0,0
4130,1.44883047619048,0,0
4135,1.44883047619048,0,-0.0490735
4139,1.44883047619048,-0.196294,0.0392588
4144,0.467360476190482,0,0
4148,0.467360476190482,0,0
4153,0.467360476190482,0,0
4157,0.467360476190482,0,0.245366
4162,0.467360476190482,1.22683,-0.3067075
4166,5.37468047619048,0,0
4170,5.37468047619048,0,0
4175,5.37468047619048,0,0.3435115
4179,5.37468047619048,1.374046,-0.2748092
4184,12.2449104761905,0,0
4188,12.2449104761905,0,0
4193,12.2449104761905,0,0
4197,12.2449104761905,0,-0.2453655
4202,12.2449104761905,-1.2268275,0.306706875
4206,7.33760047619048,0,0
4211,7.33760047619048,0,0
4215,7.33760047619048,0,-0.392585
4220,7.33760047619048,-1.962925,0.49073125
4224,-0.514099523809518,0,0
4229,-0.514099523809518,0,0
4233,-0.514099523809518,0,0
4238,-0.514099523809518,0,-0.049073
4242,-0.514099523809518,-0.196292,0.0392584
4247,-1.49555952380952,0,0
4251,-1.49555952380952,0,0
4256,-1.49555952380952,0,0
4260,-1.49555952380952,0,0
4265,-1.49555952380952,0,0
4269,-1.49555952380952,0,0
4274,-1.49555952380952,0,0
4278,-1.49555952380952,0,0.1472195
4283,-1.49555952380952,0.7360975,-0.184024375
4287,1.44883047619048,0,0
4292,1.44883047619048,0,0
4296,1.44883047619048,0,0.098146
4301,1.44883047619048,0.49073,-0.1226825
4305,3.41175047619048,0,0
4309,3.41175047619048,0,0
4314,3.41175047619048,0,0
4318,3.41175047619048,0,0.0981465
4323,3.41175047619048,0.4907325,-0.122683125
4327,5.37468047619048,0,0
4332,5.37468047619048,0,0
4336,5.37468047619048,0,-0.392585
4341,5.37468047619048,-1.962925,0.49073125
4345,-2.47701952380952,0,0
4350,-2.47701952380952,0,0
4354,-2.47701952380952,0,0
4359,-2.47701952380952,0,0
4363,-2.47701952380952,0,0
4368,-2.47701952380952,0,0
4372,-2.47701952380952,0,0
4377,-2.47701952380952,0,0.3435115
4381,-2.47701952380952,1.374046,-0.2748092
4386,4.39321047619048,0,0
4390,4.39321047619048,0,0
4395,4.39321047619048,0,0
4399,4.39321047619048,0,0.0981465
4404,4.39321047619048,0.4907325,-0.122683125
4408,6.35614047619048,0,0
4413,6.35614047619048,0,0
4417,6.35614047619048,0,0
4422,6.35614047619048,0,0
4426,6.35614047619048,0,0
4431,6.35614047619048,0,0
4435,6.35614047619048,0,0
4440,6.35614047619048,0,-0.1962925
4444,6.35614047619048,-0.78517,0.157034
4449,2.43029047619048,0,0
4453,2.43029047619048,0,0
4457,2.43029047619048,0,-0.1472195
4462,2.43029047619048,-0.7360975,0.184024375
4466,-0.514099523809518,0,0
4471,-0.514099523809518,0,0
4475,-0.514099523809518,0,0
4480,-0.514099523809518,0,0.0981465
4484,-0.514099523809518,0.392586,-0.0785172
4489,1.44883047619048,0,0
4493,1.44883047619048,0,0
4498,1.44883047619048,0,0
4502,1.44883047619048,0,0
4507,1.44883047619048,0,0
4511,1.44883047619048,0,0
4516,1.44883047619048,0,0
4520,1.44883047619048,0,0.098146
4525,1.44883047619048,0.49073,-0.1226825
4529,3.41175047619048,0,0
4534,3.41175047619048,0,0
4538,3.41175047619048,0,0.0490729999999999
4543,3.41175047619048,0.245365,-0.0613412499999999
4547,4.39321047619048,0,0
4552,4.39321047619048,0,0
4556,4.39321047619048,0,0
4561,4.39321047619048,0,-0.147219
4565,4.39321047619048,-0.588876,0.1177752
4570,1.44883047619048,0,0
4574,1.44883047619048,0,0
4579,1.44883047619048,0,0.2453655
4583,1.44883047619048,0.981462,-0.1962924
4588,6.35614047619048,0,0
4592,6.35614047619048,0,0
4596,6.35614047619048,0,0
4601,6.35614047619048,0,0.0490730000000001
4605,6.35614047619048,0.196292,-0.0392584000000001
4610,7.33760047619048,0,0
4614,7.33760047619048,0,0
4619,7.33760047619048,0,0
4623,7.33760047619048,0,0
4628,7.33760047619048,0,0
4632,7.33760047619048,0,0
4637,7.33760047619048,0,0
4641,7.33760047619048,0,-0.2453655
4646,7.33760047619048,-1.2268275,0.306706875
4650,2.43029047619048,0,0
4655,2.43029047619048,0,0
4659,2.43029047619048,0,0
4664,2.43029047619048,0,0
4668,2.43029047619048,0,0
4673,2.43029047619048,0,0
4677,2.43029047619048,0,0
4682,2.43029047619048,0,-0.1962925
4686,2.43029047619048,-0.78517,0.157034
4691,-1.49555952380952,0,0
4695,-1.49555952380952,0,0
4700,-1.49555952380952,0,0
4704,-1.49555952380952,0,-0.049073
4709,-1.49555952380952,-0.245365,0.06134125
4713,-2.47701952380952,0,0
4718,-2.47701952380952,0,0
4722,-2.47701952380952,0,0.049073
4727,-2.47701952380952,0.245365,-0.06134125
4731,-1.49555952380952,0,0
4735,-1.49555952380952,0,0
4740,-1.49555952380952,0,0
4744,-1.49555952380952,0,0.049073
4749,-1.49555952380952,0.245365,-0.06134125
4753,-0.514099523809518,0,0
4758,-0.514099523809518,0,0
4762,-0.514099523809518,0,0.049073
4767,-0.514099523809518,0.245365,-0.06134125
4771,0.467360476190482,0,0
4776,0.467360476190482,0,0
4780,0.467360476190482,0,0
4785,0.467360476190482,0,-0.147219
4789,0.467360476190482,-0.588876,0.1177752
4794,-2.47701952380952,0,0
4798,-2.47701952380952,0,0
4803,-2.47701952380952,0,0.1962925
4807,-2.47701952380952,0.78517,-0.157034
4812,1.44883047619048,0,0
4816,1.44883047619048,0,0
4821,1.44883047619048,0,0
4825,1.44883047619048,0,-0.0490735
4830,1.44883047619048,-0.2453675,0.061341875
4834,0.467360476190482,0,0
4839,0.467360476190482,0,0
4843,0.467360476190482,0,0
4848,0.467360476190482,0,0
4852,0.467360476190482,0,0
4857,0.467360476190482,0,0
4861,0.467360476190482,0,0
4866,0.467360476190482,0,0
4870,0.467360476190482,0,0
4875,0.467360476190482,0,0
4879,0.467360476190482,0,0
4883,0.467360476190482,0,0.0981465
4888,0.467360476190482,0.4907325,-0.122683125
4892,2.43029047619048,0,0
4897,2.43029047619048,0,0
4901,2.43029047619048,0,0
4906,2.43029047619048,0,0.0981459999999999
4910,2.43029047619048,0.392584,-0.0785167999999999
4915,4.39321047619048,0,0
4919,4.39321047619048,0,0
4924,4.39321047619048,0,0.1472195
4928,4.39321047619048,0.588878,-0.1177756
4933,7.33760047619048,0,0
4937,7.33760047619048,0,0
4942,7.33760047619048,0,0
4946,7.33760047619048,0,-0.1472195
4951,7.33760047619048,-0.736097500000001,0.184024375
4955,4.39321047619048,0,0
4960,4.39321047619048,0,0
4964,4.39321047619048,0,-0.1962925
4969,4.39321047619048,-0.9814625,0.245365625
4973,0.467360476190482,0,0
4978,0.467360476190482,0,0
4982,0.467360476190482,0,0
4987,0.467360476190482,0,0.4416585
4991,0.467360476190482,1.766634,-0.3533268
4996,9.30053047619048,0,0
5000,9.30053047619048,0,0
5005,9.30053047619048,0,-0.1962925
5009,9.30053047619048,-0.78517,0.157034
5014,5.37468047619048,0,0
5018,5.37468047619048,0,0
5022,5.37468047619048,0,0
5027,5.37468047619048,0,-0.0981465
5031,5.37468047619048,-0.392586,0.0785172
5036,3.41175047619048,0,0
5040,3.41175047619048,0,0
5045,3.41175047619048,0,0
5049,3.41175047619048,0,0
5054,3.41175047619048,0,0
5058,3.41175047619048,0,0
5063,3.41175047619048,0,0
5067,3.41175047619048,0,-0.1962925
5072,3.41175047619048,-0.9814625,0.245365625
5076,-0.514099523809518,0,0
5081,-0.514099523809518,0,0
5085,-0.514099523809518,0,-0.049073
5090,-0.514099523809518,-0.245365,0.06134125
5094,-1.49555952380952,0,0
5099,-1.49555952380952,0,0
5103,-1.49555952380952,0,0
5108,-1.49555952380952,0,-0.0981465
5112,-1.49555952380952,-0.392586,0.0785172
5117,-3.45848952380952,0,0
5121,-3.45848952380952,0,0
5126,-3.45848952380952,0,0.1472195
5130,-3.45848952380952,0.588878,0
5135,-0.514099523809518,0,0
