TimeT,AccT,VelT,PosT
0,-15.7501361904762,0.00130861555555556,-2.90803456790123e-07
4500,-9.86136619047619,0,0
4504,-9.86136619047619,0,0
4509,-9.86136619047619,0,0.0981465
4513,-9.86136619047619,0.392586,-0.0785172
4518,-7.89843619047619,0,0
4522,-7.89843619047619,0,0
4527,-7.89843619047619,0,0
4531,-7.89843619047619,0,-0.0490730000000001
4536,-7.89843619047619,-0.245365,0.0613412500000001
4540,-8.87989619047619,0,0
4545,-8.87989619047619,0,0
4549,-8.87989619047619,0,0.2453655
4554,-8.87989619047619,1.2268275,-0.306706875
4558,-3.97258619047619,0,0
4563,-3.97258619047619,0,0
4567,-3.97258619047619,0,0
4572,-3.97258619047619,0,-0.0981465
4576,-3.97258619047619,-0.392586,0.0785172
4581,-5.93551619047619,0,0
4585,-5.93551619047619,0,0
4590,-5.93551619047619,0,0.294439
4594,-5.93551619047619,1.177756,-0.2355512
4599,-0.0467361904761905,0,0
4603,-0.0467361904761905,0,0
4608,-0.0467361904761905,0,0
4612,-0.0467361904761905,0,-0.392585
4617,-0.0467361904761905,-1.962925,0.49073125
4621,-7.89843619047619,0,0
4626,-7.89843619047619,0,0
4630,-7.89843619047619,0,0.1472195
4634,-7.89843619047619,0.588878,-0.1177756
4639,-4.95404619047619,0,0
4643,-4.95404619047619,0,0
4648,-4.95404619047619,0,0
4652,-4.95404619047619,0,-0.0981465
4657,-4.95404619047619,-0.4907325,0.122683125
4661,-6.91697619047619,0,0
4666,-6.91697619047619,0,0
4670,-6.91697619047619,0,0.1472195
4675,-6.91697619047619,0.7360975,-0.184024375
4679,-3.97258619047619,0,0
4684,-3.97258619047619,0,0
4688,-3.97258619047619,0,0
4693,-3.97258619047619,0,0.1472195
4697,-3.97258619047619,0.588878,-0.1177756
4702,-1.02819619047619,0,0
4706,-1.02819619047619,0,0
4711,-1.02819619047619,0,-0.0981465
4715,-1.02819619047619,-0.392586,0.0785172
4720,-2.99112619047619,0,0
4724,-2.99112619047619,0,0
4729,-2.99112619047619,0,0
4733,-2.99112619047619,0,0.4907315
4738,-2.99112619047619,2.4536575,-0.613414375
4742,6.82350380952381,0,0
4747,6.82350380952381,0,0
4751,6.82350380952381,0,-0.1962925
4756,6.82350380952381,-0.9814625,0.245365625
4760,2.89765380952381,0,0
4765,2.89765380952381,0,0
4769,2.89765380952381,0,0
4773,2.89765380952381,0,-0.1472195
4778,2.89765380952381,-0.7360975,0.184024375
4782,-0.0467361904761905,0,0
4787,-0.0467361904761905,0,0
4791,-0.0467361904761905,0,-0.049073
4796,-0.0467361904761905,-0.245365,0.06134125
4800,-1.02819619047619,0,0
4805,-1.02819619047619,0,0
4809,-1.02819619047619,0,0
4814,-1.02819619047619,0,-0.0981465
4818,-1.02819619047619,-0.392586,0.0785172
4823,-2.99112619047619,0,0
4827,-2.99112619047619,0,0
4832,-2.99112619047619,0,0.1962925
4836,-2.99112619047619,0.78517,-0.157034
4841,0.93472380952381,0,0
4845,0.93472380952381,0,0
4850,0.93472380952381,0,0
4854,0.93472380952381,0,0.343512
4859,0.93472380952381,1.71756,-0.42939
4863,7.80496380952381,0,0
4868,7.80496380952381,0,0
4872,7.80496380952381,0,0.0490730000000001
4877,7.80496380952381,0.245365,-0.0613412500000001
4881,8.78642380952381,0,0
4886,8.78642380952381,0,0
4890,8.78642380952381,0,0
4895,8.78642380952381,0,-0.098146
4899,8.78642380952381,-0.392584,0.0785168
4904,6.82350380952381,0,0
4908,6.82350380952381,0,0
4912,6.82350380952381,0,-0.245366
4917,6.82350380952381,-1.22683,0.3067075
4921,1.91618380952381,0,0
4926,1.91618380952381,0,0
4930,1.91618380952381,0,0
4935,1.91618380952381,0,-0.490731
4939,1.91618380952381,-1.962924,0.3925848
4944,-7.89843619047619,0,0
4948,-7.89843619047619,0,0
4953,-7.89843619047619,0,-0.0490730000000001
4957,-7.89843619047619,-0.196292,0.0392584
4962,-8.87989619047619,0,0
4966,-8.87989619047619,0,0
4971,-8.87989619047619,0,0
4975,-8.87989619047619,0,0.2944385
4980,-8.87989619047619,1.4721925,-0.368048125
4984,-2.99112619047619,0,0
4989,-2.99112619047619,0,0
4993,-2.99112619047619,0,0.1472195
4998,-2.99112619047619,0.7360975,-0.184024375
5002,-0.0467361904761905,0,0
5007,-0.0467361904761905,0,0
5011,-0.0467361904761905,0,0
5016,-0.0467361904761905,0,0.049073
5020,-0.0467361904761905,0.196292,-0.0392584
5025,0.93472380952381,0,0
5029,0.93472380952381,0,0
5034,0.93472380952381,0,0
5038,0.93472380952381,0,0
5043,0.93472380952381,0,0
5047,0.93472380952381,0,0
5051,0.93472380952381,0,0
5056,0.93472380952381,0,-0.2453655
5060,0.93472380952381,-0.981462,0.1962924
5065,-3.97258619047619,0,0
5069,-3.97258619047619,0,0
5074,-3.97258619047619,0,-0.0981465
5078,-3.97258619047619,-0.392586,0.0785172
5083,-5.93551619047619,0,0
5087,-5.93551619047619,0,0
5092,-5.93551619047619,0,0
5096,-5.93551619047619,0,0.1962925
5101,-5.93551619047619,0.9814625,-0.245365625
5105,-2.00966619047619,0,0
5110,-2.00966619047619,0,0
5114,-2.00966619047619,0,-0.098146
5119,-2.00966619047619,-0.49073,0.1226825
5123,-3.97258619047619,0,0
5128,-3.97258619047619,0,0
5132,-3.97258619047619,0,0
5137,-3.97258619047619,0,-0.1472195
5141,-3.97258619047619,-0.588878,0.1177756
5146,-6.91697619047619,0,0
5150,-6.91697619047619,0,0
5155,-6.91697619047619,0,0.1962925
5159,-6.91697619047619,0.78517,-0.157034
5164,-2.99112619047619,0,0
5168,-2.99112619047619,0,0
5173,-2.99112619047619,0,0
5177,-2.99112619047619,0,0.2453655
5182,-2.99112619047619,1.2268275,-0.306706875
5186,1.91618380952381,0,0
5191,1.91618380952381,0,0
5195,1.91618380952381,0,0
5199,1.91618380952381,0,0
5204,1.91618380952381,0,0
5208,1.91618380952381,0,0
5213,1.91618380952381,0,0
5217,1.91618380952381,0,-0.6870235
5222,1.91618380952381,-3.4351175,0.858779375
5226,-11.8242861904762,0,0
5231,-11.8242861904762,0,0
5235,-11.8242861904762,0,0.1472195
5240,-11.8242861904762,0.7360975,-0.184024375
5244,-8.87989619047619,0,0
5249,-8.87989619047619,0,0
5253,-8.87989619047619,0,0
5258,-8.87989619047619,0,0.6870235
5262,-8.87989619047619,2.748094,-0.5496188
5267,4.86057380952381,0,0
5271,4.86057380952381,0,0
5276,4.86057380952381,0,0
5280,4.86057380952381,0,0
5285,4.86057380952381,0,0
5289,4.86057380952381,0,0
5294,4.86057380952381,0,0
5298,4.86057380952381,0,-0.392585
5303,4.86057380952381,-1.962925,0.49073125
5307,-2.99112619047619,0,0
5312,-2.99112619047619,0,0
5316,-2.99112619047619,0,0.0981465
5321,-2.99112619047619,0.4907325,-0.122683125
5325,-1.02819619047619,0,0
5330,-1.02819619047619,0,0
5334,-1.02819619047619,0,0
5338,-1.02819619047619,0,-0.0490735
5343,-1.02819619047619,-0.2453675,0.061341875
5347,-2.00966619047619,0,0
5352,-2.00966619047619,0,0
5356,-2.00966619047619,0,-0.1962925
5361,-2.00966619047619,-0.9814625,0.245365625
5365,-5.93551619047619,0,0
5370,-5.93551619047619,0,0
5374,-5.93551619047619,0,0
5379,-5.93551619047619,0,-0.098146
5383,-5.93551619047619,-0.392584,0.0785168
5388,-7.89843619047619,0,0
5392,-7.89843619047619,0,0
5397,-7.89843619047619,0,0.1472195
5401,-7.89843619047619,0.588878,-0.1177756
5406,-4.95404619047619,0,0
5410,-4.95404619047619,0,0
5415,-4.95404619047619,0,0
5419,-4.95404619047619,0,0.098146
5424,-4.95404619047619,0.49073,-0.1226825
5428,-2.99112619047619,0,0
5433,-2.99112619047619,0,0
5437,-2.99112619047619,0,0.0981465
5442,-2.99112619047619,0.4907325,-0.122683125
5446,-1.02819619047619,0,0
5451,-1.02819619047619,0,0
5455,-1.02819619047619,0,0
5460,-1.02819619047619,0,0.049073
5464,-1.02819619047619,0.196292,-0.0392584
5469,-0.0467361904761905,0,0
5473,-0.0467361904761905,0,0
5477,-0.0467361904761905,0,-0.0981465
5482,-0.0467361904761905,-0.4907325,0.122683125
5486,-2.00966619047619,0,0
5491,-2.00966619047619,0,0
5495,-2.00966619047619,0,0
5500,-2.00966619047619,0,0.0490735
5504,-2.00966619047619,0.196294,-0.0392588
5509,-1.02819619047619,0,0
5513,-1.02819619047619,0,0
5518,-1.02819619047619,0,-0.0490735
5522,-1.02819619047619,-0.196294,0.0392588
5527,-2.00966619047619,0,0
5531,-2.00966619047619,0,0
5536,-2.00966619047619,0,0
5540,-2.00966619047619,0,0
5545,-2.00966619047619,0,0
5549,-2.00966619047619,0,0
5554,-2.00966619047619,0,0
5558,-2.00966619047619,0,0
5563,-2.00966619047619,0,0
5567,-2.00966619047619,0,0
5572,-2.00966619047619,0,0
5576,-2.00966619047619,0,0
5581,-2.00966619047619,0,0.1472195
5585,-2.00966619047619,0.588878,-0.1177756
5590,0.93472380952381,0,0
5594,0.93472380952381,0,0
5599,0.93472380952381,0,-0.049073
5603,0.93472380952381,-0.196292,0.0392584
5608,-0.0467361904761905,0,0
5612,-0.0467361904761905,0,0
5617,-0.0467361904761905,0,0
5621,-0.0467361904761905,0,-0.0981465
5625,-0.0467361904761905,-0.392586,0.0785172
5630,-2.00966619047619,0,0
5634,-2.00966619047619,0,0
5639,-2.00966619047619,0,0.0981465
5643,-2.00966619047619,0.392586,-0.0785172
5648,-0.0467361904761905,0,0
5652,-0.0467361904761905,0,0
5657,-0.0467361904761905,0,0
5661,-0.0467361904761905,0,0.1962925
5666,-0.0467361904761905,0.9814625,-0.245365625
5670,3.87911380952381,0,0
5675,3.87911380952381,0,0
5679,3.87911380952381,0,0
5684,3.87911380952381,0,0
5688,3.87911380952381,0,0
5693,3.87911380952381,0,0
5697,3.87911380952381,0,0
5702,3.87911380952381,0,-0.0490729999999999
5706,3.87911380952381,-0.196292,0.0392583999999999
5711,2.89765380952381,0,0
5715,2.89765380952381,0,0
5720,2.89765380952381,0,-0.0981465
5724,2.89765380952381,-0.392586,0.0785172
5729,0.93472380952381,0,0
5733,0.93472380952381,0,0
5738,0.93472380952381,0,0
5742,0.93472380952381,0,-0.2944385
5747,0.93472380952381,-1.4721925,0.368048125
5751,-4.95404619047619,0,0
5756,-4.95404619047619,0,0
5760,-4.95404619047619,0,-0.0490735
5764,-4.95404619047619,-0.196294,0.0392588
5769,-5.93551619047619,0,0
5773,-5.93551619047619,0,0
5778,-5.93551619047619,0,0
5782,-5.93551619047619,0,-0.098146
5787,-5.93551619047619,-0.49073,0.1226825
5791,-7.89843619047619,0,0
5796,-7.89843619047619,0,0
5800,-7.89843619047619,0,0.1472195
5805,-7.89843619047619,0.7360975,-0.184024375
5809,-4.95404619047619,0,0
5814,-4.95404619047619,0,0
5818,-4.95404619047619,0,0
5823,-4.95404619047619,0,0.2453655
5827,-4.95404619047619,0.981462,-0.1962924
5832,-0.0467361904761905,0,0
5836,-0.0467361904761905,0,0
5841,-0.0467361904761905,0,-0.1962925
5845,-0.0467361904761905,-0.78517,0.157034
5850,-3.97258619047619,0,0
5854,-3.97258619047619,0,0
5859,-3.97258619047619,0,0
5863,-3.97258619047619,0,0.1472195
5868,-3.97258619047619,0.7360975,-0.184024375
5872,-1.02819619047619,0,0
5877,-1.02819619047619,0,0
5881,-1.02819619047619,0,-0.245366
5886,-1.02819619047619,-1.22683,0.3067075
5890,-5.93551619047619,0,0
5895,-5.93551619047619,0,0
5899,-5.93551619047619,0,0
5903,-5.93551619047619,0,0.1472195
5908,-5.93551619047619,0.7360975,-0.184024375
5912,-2.99112619047619,0,0
5917,-2.99112619047619,0,0
5921,-2.99112619047619,0,0.0981465
5926,-2.99112619047619,0.4907325,-0.122683125
5930,-1.02819619047619,0,0
5935,-1.02819619047619,0,0
5939,-1.02819619047619,0,0
5944,-1.02819619047619,0,-0.0981465
5948,-1.02819619047619,-0.392586,0.0785172
5953,-2.99112619047619,0,0
5957,-2.99112619047619,0,0
5962,-2.99112619047619,0,0.0981465
5966,-2.99112619047619,0.392586,-0.0785172
5971,-1.02819619047619,0,0
5975,-1.02819619047619,0,0
5980,-1.02819619047619,0,0
5984,-1.02819619047619,0,-0.0490735
5989,-1.02819619047619,-0.2453675,0.061341875
5993,-2.00966619047619,0,0
5998,-2.00966619047619,0,0
6002,-2.00966619047619,0,-0.049073
6007,-2.00966619047619,-0.245365,0.06134125
6011,-2.99112619047619,0,0
6016,-2.99112619047619,0,0
6020,-2.99112619047619,0,0
6025,-2.99112619047619,0,-0.049073
6029,-2.99112619047619,-0.196292,0.0392584
6034,-3.97258619047619,0,0
6038,-3.97258619047619,0,0
6043,-3.97258619047619,0,-0.06134125
6047,-3.97258619047619,-0.245365,0.06134125
6051,-4.95404619047619,0,0
6056,-4.95404619047619,0,0
6060,-4.95404619047619,0,0
6065,-4.95404619047619,0,0.098146
6069,-4.95404619047619,0.392584,-0.0785168
6074,-2.99112619047619,0,0
6078,-2.99112619047619,0,0
6083,-2.99112619047619,0,0.0981465
6087,-2.99112619047619,0.392586,-0.0785172
6092,-1.02819619047619,0,0
6096,-1.02819619047619,0,0
6101,-1.02819619047619,0,0
6105,-1.02819619047619,0,-0.0981465
6110,-1.02819619047619,-0.4907325,0.122683125
6114,-2.99112619047619,0,0
6119,-2.99112619047619,0,0
6123,-2.99112619047619,0,0.1472195
6128,-2.99112619047619,0.7360975,-0.184024375
6132,-0.0467361904761905,0,0
6137,-0.0467361904761905,0,0
6141,-0.0467361904761905,0,0
6146,-0.0467361904761905,0,-0.0981465
6150,-0.0467361904761905,-0.392586,0.0785172
6155,-2.00966619047619,0,0
6159,-2.00966619047619,0,0
6164,-2.00966619047619,0,0.0490735
6168,-2.00966619047619,0.196294,-0.0392588
6173,-1.02819619047619,0,0
6177,-1.02819619047619,0,0
6182,-1.02819619047619,0,0
6186,-1.02819619047619,0,0
6190,-1.02819619047619,0,0
6195,-1.02819619047619,0,0
6199,-1.02819619047619,0,0
6204,-1.02819619047619,0,0.049073
6208,-1.02819619047619,0.196292,-0.0392584
6213,-0.0467361904761905,0,0
6217,-0.0467361904761905,0,0
6222,-0.0467361904761905,0,0
6226,-0.0467361904761905,0,0.049073
6231,-0.0467361904761905,0.245365,-0.06134125
6235,0.93472380952381,0,0
6240,0.93472380952381,0,0
6244,0.93472380952381,0,-0.2944385
6249,0.93472380952381,-1.4721925,0.368048125
6253,-4.95404619047619,0,0
6258,-4.95404619047619,0,0
6262,-4.95404619047619,0,0
6267,-4.95404619047619,0,0.1962925
6271,-4.95404619047619,0.78517,-0.157034
6276,-1.02819619047619,0,0
6280,-1.02819619047619,0,0
6285,-1.02819619047619,0,-0.0981465
6289,-1.02819619047619,-0.392586,0.0785172
6294,-2.99112619047619,0,0
6298,-2.99112619047619,0,0
6303,-2.99112619047619,0,0
6307,-2.99112619047619,0,0.0981465
6312,-2.99112619047619,0.4907325,-0.122683125
6316,-1.02819619047619,0,0
6321,-1.02819619047619,0,0
6325,-1.02819619047619,0,0.049073
6329,-1.02819619047619,0.196292,-0.0392584
6334,-0.0467361904761905,0,0
6338,-0.0467361904761905,0,0
6343,-0.0467361904761905,0,0
6347,-0.0467361904761905,0,-0.1472195
6352,-0.0467361904761905,-0.7360975,0.184024375
6356,-2.99112619047619,0,0
6361,-2.99112619047619,0,0
6365,-2.99112619047619,0,0.294439
6370,-2.99112619047619,1.472195,-0.36804875
6374,2.89765380952381,0,0
6379,2.89765380952381,0,0
6383,2.89765380952381,0,0
6388,2.89765380952381,0,0.147219
6392,2.89765380952381,0.588876,-0.1177752
6397,5.84203380952381,0,0
6401,5.84203380952381,0,0
6406,5.84203380952381,0,-0.2453655
6410,5.84203380952381,-0.981462,0.1962924
6415,0.93472380952381,0,0
6419,0.93472380952381,0,0
6424,0.93472380952381,0,0
6428,0.93472380952381,0,0.0490729999999999
6433,0.93472380952381,0.245365,-0.0613412499999999
6437,1.91618380952381,0,0
6442,1.91618380952381,0,0
6446,1.91618380952381,0,-0.1962925
6451,1.91618380952381,-0.9814625,0.245365625
6455,-2.00966619047619,0,0
6460,-2.00966619047619,0,0
6464,-2.00966619047619,0,0
6469,-2.00966619047619,0,-0.06134125
6473,-2.00966619047619,-0.245365,0.06134125
6477,-2.99112619047619,0,0
6482,-2.99112619047619,0,0
6486,-2.99112619047619,0,0.049073
6491,-2.99112619047619,0.245365,-0.06134125
6495,-2.00966619047619,0,0
6500,-2.00966619047619,0,0
6504,-2.00966619047619,0,0
6509,-2.00966619047619,0,-0.049073
6513,-2.00966619047619,-0.196292,0.0392584
6518,-2.99112619047619,0,0
6522,-2.99112619047619,0,0
6527,-2.99112619047619,0,-0.049073
6531,-2.99112619047619,-0.196292,0.0392584
6536,-3.97258619047619,0,0
6540,-3.97258619047619,0,0
6545,-3.97258619047619,0,0
6549,-3.97258619047619,0,0.098146
6554,-3.97258619047619,0.49073,-0.1226825
6558,-2.00966619047619,0,0
6563,-2.00966619047619,0,0
6567,-2.00966619047619,0,0.1962925
6572,-2.00966619047619,0.9814625,-0.245365625
6576,1.91618380952381,0,0
6581,1.91618380952381,0,0
6585,1.91618380952381,0,0
6590,1.91618380952381,0,0
6594,1.91618380952381,0,0
6599,1.91618380952381,0,0
6603,1.91618380952381,0,0
6608,1.91618380952381,0,-0.0613412499999999
6612,1.91618380952381,-0.245365,0.0613412499999999
6616,0.93472380952381,0,0
6621,0.93472380952381,0,0
6625,0.93472380952381,0,0
6630,0.93472380952381,0,0
6634,0.93472380952381,0,0
6639,0.93472380952381,0,0
6643,0.93472380952381,0,0
6648,0.93472380952381,0,-0.049073
6652,0.93472380952381,-0.196292,0.0392584
6657,-0.0467361904761905,0,0
6661,-0.0467361904761905,0,0
6666,-0.0467361904761905,0,0
6670,-0.0467361904761905,0,-0.0981465
6675,-0.0467361904761905,-0.4907325,0.122683125
6679,-2.00966619047619,0,0
6684,-2.00966619047619,0,0
6688,-2.00966619047619,0,-0.098146
6693,-2.00966619047619,-0.49073,0.1226825
6697,-3.97258619047619,0,0
6702,-3.97258619047619,0,0
6706,-3.97258619047619,0,0
6711,-3.97258619047619,0,0.343512
6715,-3.97258619047619,1.374048,-0.2748096
6720,2.89765380952381,0,0
6724,2.89765380952381,0,0
6729,2.89765380952381,0,0
6733,2.89765380952381,0,0
6738,2.89765380952381,0,0
6742,2.89765380952381,0,0
6747,2.89765380952381,0,0
6751,2.89765380952381,0,-0.245366
6756,2.89765380952381,-1.22683,0.3067075
6760,-2.00966619047619,0,0
6764,-2.00966619047619,0,0
6769,-2.00966619047619,0,-0.049073
6773,-2.00966619047619,-0.196292,0.0392584
6778,-2.99112619047619,0,0
6782,-2.99112619047619,0,0
6787,-2.99112619047619,0,0
6791,-2.99112619047619,0,0.0981465
6796,-2.99112619047619,0.4907325,-0.122683125
6800,-1.02819619047619,0,0
6805,-1.02819619047619,0,0
6809,-1.02819619047619,0,0.049073
6814,-1.02819619047619,0.245365,-0.06134125
6818,-0.0467361904761905,0,0
6823,-0.0467361904761905,0,0
6827,-0.0467361904761905,0,0
6832,-0.0467361904761905,0,-0.0981465
6836,-0.0467361904761905,-0.392586,0.0785172
6841,-2.00966619047619,0,0
6845,-2.00966619047619,0,0
6850,-2.00966619047619,0,-0.098146
6854,-2.00966619047619,-0.392584,0.0785168
6859,-3.97258619047619,0,0
6863,-3.97258619047619,0,0
6868,-3.97258619047619,0,0
6872,-3.97258619047619,0,-0.0981465
6877,-3.97258619047619,-0.4907325,0.122683125
6881,-5.93551619047619,0,0
6886,-5.93551619047619,0,0
6890,-5.93551619047619,0,-0.1962925
6895,-5.93551619047619,-0.9814625,0.245365625
6899,-9.86136619047619,0,0
6903,-9.86136619047619,0,0
6908,-9.86136619047619,0,0
6912,-9.86136619047619,0,0.0981465
6917,-9.86136619047619,0.4907325,-0.122683125
6921,-7.89843619047619,0,0
6926,-7.89843619047619,0,0
6930,-7.89843619047619,0,0.1962925
6935,-7.89843619047619,0.9814625,-0.245365625
6939,-3.97258619047619,0,0
6944,-3.97258619047619,0,0
6948,-3.97258619047619,0,0
6953,-3.97258619047619,0,-0.0981465
6957,-3.97258619047619,-0.392586,0.0785172
6962,-5.93551619047619,0,0
6966,-5.93551619047619,0,0
6971,-5.93551619047619,0,0
6975,-5.93551619047619,0,0
6980,-5.93551619047619,0,0
6984,-5.93551619047619,0,0
6989,-5.93551619047619,0,0
6993,-5.93551619047619,0,0
6998,-5.93551619047619,0,0
7002,-5.93551619047619,0,0
7007,-5.93551619047619,0,0
7011,-5.93551619047619,0,0.294439
7016,-5.93551619047619,1.472195,-0.36804875
7020,-0.0467361904761905,0,0
7025,-0.0467361904761905,0,0
7029,-0.0467361904761905,0,0
7034,-0.0467361904761905,0,-0.245365625
7038,-0.0467361904761905,-0.9814625,0.245365625
7042,-3.97258619047619,0,0
7047,-3.97258619047619,0,0
7051,-3.97258619047619,0,0.098146
7056,-3.97258619047619,0.49073,-0.1226825
7060,-2.00966619047619,0,0
7065,-2.00966619047619,0,0
7069,-2.00966619047619,0,0
7074,-2.00966619047619,0,0.1962925
7078,-2.00966619047619,0.78517,-0.157034
7083,1.91618380952381,0,0
7087,1.91618380952381,0,0
7092,1.91618380952381,0,0.0490735000000001
7096,1.91618380952381,0.196294,-0.0392588000000001
7101,2.89765380952381,0,0
7105,2.89765380952381,0,0
7110,2.89765380952381,0,0
7114,2.89765380952381,0,0
7119,2.89765380952381,0,0
7123,2.89765380952381,0,0
7128,2.89765380952381,0,0
7132,2.89765380952381,0,-0.0981465
7137,2.89765380952381,-0.4907325,0.122683125
7141,0.93472380952381,0,0
7146,0.93472380952381,0,0
7150,0.93472380952381,0,0
7155,0.93472380952381,0,-0.1962925
7159,0.93472380952381,-0.78517,0.157034
7164,-2.99112619047619,0,0
7168,-2.99112619047619,0,0
7173,-2.99112619047619,0,0
7177,-2.99112619047619,0,0
7181,-2.99112619047619,0,0
7186,-2.99112619047619,0,0
7190,-2.99112619047619,0,0
7195,-2.99112619047619,0,-0.049073
7199,-2.99112619047619,-0.196292,0.0392584
7204,-3.97258619047619,0,0
7208,-3.97258619047619,0,0
7213,-3.97258619047619,0,0
7217,-3.97258619047619,0,0
7222,-3.97258619047619,0,0
7226,-3.97258619047619,0,0
7231,-3.97258619047619,0,0
7235,-3.97258619047619,0,-0.1962925
7240,-3.97258619047619,-0.9814625,0.245365625
7244,-7.89843619047619,0,0
7249,-7.89843619047619,0,0
7253,-7.89843619047619,0,0.1472195
7258,-7.89843619047619,0.7360975,-0.184024375
7262,-4.95404619047619,0,0
7267,-4.95404619047619,0,0
7271,-4.95404619047619,0,0
7276,-4.95404619047619,0,-0.0490735
7280,-4.95404619047619,-0.196294,0.0392588
7285,-5.93551619047619,0,0
7289,-5.93551619047619,0,0
7294,-5.93551619047619,0,-0.2453655
7298,-5.93551619047619,-0.981462,0.1962924
7303,-10.8428261904762,0,0
7307,-10.8428261904762,0,0
7312,-10.8428261904762,0,0
7316,-10.8428261904762,0,0.2453655
7321,-10.8428261904762,1.2268275,-0.306706875
7325,-5.93551619047619,0,0
7329,-5.93551619047619,0,0
7334,-5.93551619047619,0,0
7338,-5.93551619047619,0,0
7343,-5.93551619047619,0,0
7347,-5.93551619047619,0,0
7352,-5.93551619047619,0,0
7356,-5.93551619047619,0,0.0981465
7361,-5.93551619047619,0.4907325,-0.122683125
7365,-3.97258619047619,0,0
7370,-3.97258619047619,0,0
7374,-3.97258619047619,0,0.2453655
7379,-3.97258619047619,1.2268275,-0.306706875
7383,0.93472380952381,0,0
7388,0.93472380952381,0,0
7392,0.93472380952381,0,0
7397,0.93472380952381,0,0
7401,0.93472380952381,0,0
7406,0.93472380952381,0,0
7410,0.93472380952381,0,0
7415,0.93472380952381,0,0
7419,0.93472380952381,0,0
7424,0.93472380952381,0,0
7428,0.93472380952381,0,0
7433,0.93472380952381,0,0
7437,0.93472380952381,0,-0.1962925
7442,0.93472380952381,-0.9814625,0.245365625
7446,-2.99112619047619,0,0
7451,-2.99112619047619,0,0
7455,-2.99112619047619,0,-0.1962925
7460,-2.99112619047619,-0.9814625,0.245365625
7464,-6.91697619047619,0,0
7468,-6.91697619047619,0,0
7473,-6.91697619047619,0,0
7477,-6.91697619047619,0,0
7482,-6.91697619047619,0,0
7486,-6.91697619047619,0,0
7491,-6.91697619047619,0,0
7495,-6.91697619047619,0,-0.049073
7500,-6.91697619047619,-0.245365,0.06134125
7504,-7.89843619047619,0,0
7509,-7.89843619047619,0,0
7513,-7.89843619047619,0,0
7518,-7.89843619047619,0,0.1962925
7522,-7.89843619047619,0.78517,-0.157034
7527,-3.97258619047619,0,0
7531,-3.97258619047619,0,0
7536,-3.97258619047619,0,0
7540,-3.97258619047619,0,0
7545,-3.97258619047619,0,0
7549,-3.97258619047619,0,0
7554,-3.97258619047619,0,0
7558,-3.97258619047619,0,0.1472195
7563,-3.97258619047619,0.7360975,-0.184024375
7567,-1.02819619047619,0,0
7572,-1.02819619047619,0,0
7576,-1.02819619047619,0,0
7581,-1.02819619047619,0,-0.1962925
7585,-1.02819619047619,-0.78517,0.157034
7590,-4.95404619047619,0,0
7594,-4.95404619047619,0,0
7599,-4.95404619047619,0,0.429389375
7603,-4.95404619047619,1.7175575,-0.429389375
7607,1.91618380952381,0,0
7612,1.91618380952381,0,0
7616,1.91618380952381,0,0
7621,1.91618380952381,0,-0.0490729999999999
7625,1.91618380952381,-0.196292,0.0392583999999999
7630,0.93472380952381,0,0
7634,0.93472380952381,0,0
7639,0.93472380952381,0,-0.392585
7643,0.93472380952381,-1.57034,0.314068
7648,-6.91697619047619,0,0
7652,-6.91697619047619,0,0
7657,-6.91697619047619,0,0.78517
7661,-6.91697619047619,3.14068,-0.971648
7666,8.78642380952381,-1.71756,0.42939
7670,1.91618380952381,0,0
7675,1.91618380952381,0,0
7679,1.91618380952381,0,-0.1962925
7684,1.91618380952381,-0.9814625,0.245365625
7688,-2.00966619047619,0,0
7693,-2.00966619047619,0,0
7697,-2.00966619047619,0,0
7702,-2.00966619047619,0,0.1472195
7706,-2.00966619047619,0.588878,-0.1177756
7711,0.93472380952381,0,0
7715,0.93472380952381,0,0
7720,0.93472380952381,0,-0.098146
7724,0.93472380952381,-0.392584,0.0785168
7729,-1.02819619047619,0,0
7733,-1.02819619047619,0,0
7738,-1.02819619047619,0,0
7742,-1.02819619047619,0,-0.0490735
7747,-1.02819619047619,-0.2453675,0.061341875
7751,-2.00966619047619,0,0
7755,-2.00966619047619,0,0
7760,-2.00966619047619,0,-0.049073
7764,-2.00966619047619,-0.196292,0.0392584
7769,-2.99112619047619,0,0
7773,-2.99112619047619,0,0
7778,-2.99112619047619,0,0
7782,-2.99112619047619,0,-0.1472195
7787,-2.99112619047619,-0.7360975,0.184024375
7791,-5.93551619047619,0,0
7796,-5.93551619047619,0,0
7800,-5.93551619047619,0,-0.049073
7805,-5.93551619047619,-0.245365,0.06134125
7809,-6.91697619047619,0,0
7814,-6.91697619047619,0,0
7818,-6.91697619047619,0,0
7823,-6.91697619047619,0,0.2453655
7827,-6.91697619047619,0.981462,-0.1962924
7832,-2.00966619047619,0,0
7836,-2.00966619047619,0,0
7841,-2.00966619047619,0,0.0490735
7845,-2.00966619047619,0.196294,-0.0392588
7850,-1.02819619047619,0,0
7854,-1.02819619047619,0,0
7859,-1.02819619047619,0,0
7863,-1.02819619047619,0,-0.1962925
7868,-1.02819619047619,-0.9814625,0.245365625
7872,-4.95404619047619,0,0
7877,-4.95404619047619,0,0
7881,-4.95404619047619,0,0.2453655
7886,-4.95404619047619,1.2268275,-0.306706875
7890,-0.0467361904761905,0,0
7894,-0.0467361904761905,0,0
7899,-0.0467361904761905,0,0
7903,-0.0467361904761905,0,-0.343512
7908,-0.0467361904761905,-1.71756,0.42939
7912,-6.91697619047619,0,0
7917,-6.91697619047619,0,0
7921,-6.91697619047619,0,0.1962925
7926,-6.91697619047619,0.9814625,-0.245365625
7930,-2.99112619047619,0,0
7935,-2.99112619047619,0,0
7939,-2.99112619047619,0,0
7944,-2.99112619047619,0,0.049073
7948,-2.99112619047619,0.196292,-0.0392584
7953,-2.00966619047619,0,0
7957,-2.00966619047619,0,0
7962,-2.00966619047619,0,-0.147219
7966,-2.00966619047619,-0.588876,0.1177752
7971,-4.95404619047619,0,0
7975,-4.95404619047619,0,0
7980,-4.95404619047619,0,0
7984,-4.95404619047619,0,-0.1962925
7989,-4.95404619047619,-0.9814625,0.245365625
7993,-8.87989619047619,0,0
7998,-8.87989619047619,0,0
8002,-8.87989619047619,0,0.2944385
8007,-8.87989619047619,1.4721925,-0.368048125
8011,-2.99112619047619,0,0
8016,-2.99112619047619,0,0
8020,-2.99112619047619,0,0
8025,-2.99112619047619,0,0.306706875
8029,-2.99112619047619,1.2268275,-0.306706875
8033,1.91618380952381,0,0
8038,1.91618380952381,0,0
8042,1.91618380952381,0,-0.0981459999999999
8047,1.91618380952381,-0.49073,0.1226825
8051,-0.0467361904761905,0,0
8056,-0.0467361904761905,0,0
8060,-0.0467361904761905,0,0
8065,-0.0467361904761905,0,0.1472195
8069,-0.0467361904761905,0.588878,-0.1177756
8074,2.89765380952381,0,0
8078,2.89765380952381,0,0
8083,2.89765380952381,0,-0.0490735000000001
8087,2.89765380952381,-0.196294,0.0392588000000001
8092,1.91618380952381,0,0
8096,1.91618380952381,0,0
8101,1.91618380952381,0,0
8105,1.91618380952381,0,-0.147219
8110,1.91618380952381,-0.736095,0.18402375
8114,-1.02819619047619,0,0
8119,-1.02819619047619,0,0
8123,-1.02819619047619,0,-0.1962925
8128,-1.02819619047619,-0.9814625,0.245365625
8132,-4.95404619047619,0,0
8137,-4.95404619047619,0,0
8141,-4.95404619047619,0,0
8146,-4.95404619047619,0,0.2453655
8150,-4.95404619047619,0.981462,-0.1962924
8155,-0.0467361904761905,0,0
8159,-0.0467361904761905,0,0
8164,-0.0467361904761905,0,-0.1472195
8168,-0.0467361904761905,-0.588878,0.1177756
8173,-2.99112619047619,0,0
8177,-2.99112619047619,0,0
8181,-2.99112619047619,0,0
8186,-2.99112619047619,0,0
8190,-2.99112619047619,0,0
8195,-2.99112619047619,0,0
8199,-2.99112619047619,0,0
8204,-2.99112619047619,0,0.049073
8208,-2.99112619047619,0.196292,-0.0392584
8213,-2.00966619047619,0,0
8217,-2.00966619047619,0,0
8222,-2.00966619047619,0,0
8226,-2.00966619047619,0,0.0490735
8231,-2.00966619047619,0.2453675,-0.061341875
8235,-1.02819619047619,0,0
8240,-1.02819619047619,0,0
8244,-1.02819619047619,0,0.147219
8249,-1.02819619047619,0.736095,-0.18402375
8253,1.91618380952381,0,0
8258,1.91618380952381,0,0
8262,1.91618380952381,0,0
8267,1.91618380952381,0,-0.2944385
8271,1.91618380952381,-1.177754,0.2355508
8276,-3.97258619047619,0,0
8280,-3.97258619047619,0,0
8285,-3.97258619047619,0,-0.2453655
8289,-3.97258619047619,-0.981462,0.1962924
8294,-8.87989619047619,0,0
8298,-8.87989619047619,0,0
8303,-8.87989619047619,0,0
8307,-8.87989619047619,0,-0.245366
8312,-8.87989619047619,-1.22683,0.3067075
8316,-13.7872161904762,0,0
8320,-13.7872161904762,0,0
8325,-13.7872161904762,0,0.0490735
8329,-13.7872161904762,0.196294,-0.0392588
8334,-12.8057461904762,0,0
8338,-12.8057461904762,0,0
8343,-12.8057461904762,0,0
8347,-12.8057461904762,0,-0.2453655
8352,-12.8057461904762,-1.2268275,0.306706875
8356,-17.7130561904762,0,0
8361,-17.7130561904762,0,0
8365,-17.7130561904762,0,0.098146
8370,-17.7130561904762,0.49073,-0.1226825
8374,-15.7501361904762,0,0
8379,-15.7501361904762,0,0
8383,-15.7501361904762,0,0
8388,-15.7501361904762,0,0.441658
8392,-15.7501361904762,1.766632,-0.3533264
8397,-6.91697619047619,0,0
8401,-6.91697619047619,0,0
8406,-6.91697619047619,0,0.687024
8410,-6.91697619047619,2.748096,-0.5496192
8415,6.82350380952381,0,0
8419,6.82350380952381,0,0
8424,6.82350380952381,0,0
8428,6.82350380952381,0,0
8433,6.82350380952381,0,0
8437,6.82350380952381,0,0
8442,6.82350380952381,0,0
8446,6.82350380952381,0,0.098146
8451,6.82350380952381,0.49073,-0.1226825
8455,8.78642380952381,0,0
8459,8.78642380952381,0,0
8464,8.78642380952381,0,0
8468,8.78642380952381,0,-0.2453655
8473,8.78642380952381,-1.2268275,0.306706875
8477,3.87911380952381,0,0
8482,3.87911380952381,0,0
8486,3.87911380952381,0,0.098146
8491,3.87911380952381,0.49073,-0.1226825
8495,5.84203380952381,0,0
8500,5.84203380952381,0,0
8504,5.84203380952381,0,0
8509,5.84203380952381,0,0.392585
8513,5.84203380952381,1.57034,-0.314068
8518,13.6937338095238,0,0
8522,13.6937338095238,0,0
8527,13.6937338095238,0,-0.147219
8531,13.6937338095238,-0.588876,0.1177752
8536,10.7493538095238,0,0
8540,10.7493538095238,0,0
8545,10.7493538095238,0,0
8549,10.7493538095238,0,-0.1962925
8554,10.7493538095238,-0.9814625,0.245365625
8558,6.82350380952381,0,0
8563,6.82350380952381,0,0
8567,6.82350380952381,0,-0.1472195
8572,6.82350380952381,-0.736097500000001,0.184024375
8576,3.87911380952381,0,0
8581,3.87911380952381,0,0
8585,3.87911380952381,0,0
8590,3.87911380952381,0,-0.306706875
8594,3.87911380952381,-1.2268275,0.306706875
8598,-1.02819619047619,0,0
8603,-1.02819619047619,0,0
8607,-1.02819619047619,0,-0.0981465
8612,-1.02819619047619,-0.4907325,0.122683125
8616,-2.99112619047619,0,0
8621,-2.99112619047619,0,0
8625,-2.99112619047619,0,0
8630,-2.99112619047619,0,0.5888775
8634,-2.99112619047619,2.35551,-0.471102
8639,8.78642380952381,0,0
8643,8.78642380952381,0,0
8648,8.78642380952381,0,-0.343512
8652,8.78642380952381,-1.374048,0.2748096
8657,1.91618380952381,0,0
8661,1.91618380952381,0,0
8666,1.91618380952381,0,0
8670,1.91618380952381,0,-1.0796085
8675,1.91618380952381,-5.3980425,1.349510625
8679,-19.6759861904762,0,0
8684,-19.6759861904762,0,0
8688,-19.6759861904762,0,-0.343512
8693,-19.6759861904762,-1.71756,0.42939
8697,-26.5462261904762,0,0
8702,-26.5462261904762,0,0
8706,-26.5462261904762,0,0
8711,-26.5462261904762,0,0.687024
8715,-26.5462261904762,2.748096,-0.5496192
8720,-12.8057461904762,0,0
8724,-12.8057461904762,0,0
8729,-12.8057461904762,0,0.2944385
8733,-12.8057461904762,1.177754,-0.2355508
8738,-6.91697619047619,0,0
8742,-6.91697619047619,0,0
8746,-6.91697619047619,0,0
8751,-6.91697619047619,0,0.2453655
8755,-6.91697619047619,0.981462,-0.1962924
8760,-2.00966619047619,0,0
8764,-2.00966619047619,0,0
8769,-2.00966619047619,0,0.0490735
8773,-2.00966619047619,0.196294,-0.0392588
8778,-1.02819619047619,0,0
8782,-1.02819619047619,0,0
8787,-1.02819619047619,0,0
8791,-1.02819619047619,0,0.147219
8796,-1.02819619047619,0.736095,-0.18402375
8800,1.91618380952381,0,0
8805,1.91618380952381,0,0
8809,1.91618380952381,0,0.294439
8814,1.91618380952381,1.472195,-0.36804875
8818,7.80496380952381,0,0
8823,7.80496380952381,0,0
8827,7.80496380952381,0,0
8832,7.80496380952381,0,-0.2453655
8836,7.80496380952381,-0.981462,0.1962924
8841,2.89765380952381,0,0
8845,2.89765380952381,0,0
8850,2.89765380952381,0,-0.0490735000000001
8854,2.89765380952381,-0.196294,0.0392588000000001
8859,1.91618380952381,0,0
8863,1.91618380952381,0,0
8868,1.91618380952381,0,0
8872,1.91618380952381,0,-0.0981459999999999
8877,1.91618380952381,-0.49073,0.1226825
8881,-0.0467361904761905,0,0
8885,-0.0467361904761905,0,0
8890,-0.0467361904761905,0,0.049073
8894,-0.0467361904761905,0.196292,-0.0392584
8899,0.93472380952381,0,0
8903,0.93472380952381,0,0
8908,0.93472380952381,0,0
8912,0.93472380952381,0,0.0490729999999999
8917,0.93472380952381,0.245365,-0.0613412499999999
8921,1.91618380952381,0,0
8926,1.91618380952381,0,0
8930,1.91618380952381,0,-0.0981459999999999
8935,1.91618380952381,-0.49073,0.1226825
8939,-0.0467361904761905,0,0
8944,-0.0467361904761905,0,0
8948,-0.0467361904761905,0,0
8953,-0.0467361904761905,0,0.1962925
8957,-0.0467361904761905,0.78517,-0.157034
8962,3.87911380952381,0,0
8966,3.87911380952381,0,0
8971,3.87911380952381,0,-0.1472195
8975,3.87911380952381,-0.588878,0.1177756
8980,0.93472380952381,0,0
8984,0.93472380952381,0,0
8989,0.93472380952381,0,0
8993,0.93472380952381,0,0.0490729999999999
8998,0.93472380952381,0.245365,-0.0613412499999999
9002,1.91618380952381,0,0
9007,1.91618380952381,0,0
9011,1.91618380952381,0,-0.0981459999999999
9016,1.91618380952381,-0.49073,0.1226825
9020,-0.0467361904761905,0,0
9025,-0.0467361904761905,0,0
9029,-0.0467361904761905,0,0
9033,-0.0467361904761905,0,0.049073
9038,-0.0467361904761905,0.245365,-0.06134125
9042,0.93472380952381,0,0
9047,0.93472380952381,0,0
9051,0.93472380952381,0,-0.098146
9056,0.93472380952381,-0.49073,0.1226825
9060,-1.02819619047619,0,0
9065,-1.02819619047619,0,0
9069,-1.02819619047619,0,0
9074,-1.02819619047619,0,0.1962925
9078,-1.02819619047619,0.78517,-0.157034
9083,2.89765380952381,0,0
9087,2.89765380952381,0,0
9092,2.89765380952381,0,-0.0490735000000001
9096,2.89765380952381,-0.196294,0.0392588000000001
9101,1.91618380952381,0,0
9105,1.91618380952381,0,0
9110,1.91618380952381,0,0
9114,1.91618380952381,0,0.0490735000000001
9119,1.91618380952381,0.2453675,-0.0613418750000001
9123,2.89765380952381,0,0
9128,2.89765380952381,0,0
9132,2.89765380952381,0,-0.1472195
9137,2.89765380952381,-0.7360975,0.184024375
9141,-0.0467361904761905,0,0
9146,-0.0467361904761905,0,0
9150,-0.0467361904761905,0,0
9155,-0.0467361904761905,0,-0.049073
9159,-0.0467361904761905,-0.196292,0.0392584
9164,-1.02819619047619,0,0
9168,-1.02819619047619,0,0
9172,-1.02819619047619,0,-0.0490735
9177,-1.02819619047619,-0.2453675,0.061341875
9181,-2.00966619047619,0,0
9186,-2.00966619047619,0,0
9190,-2.00966619047619,0,0
9195,-2.00966619047619,0,0.0490735
9199,-2.00966619047619,0.196294,-0.0392588
9204,-1.02819619047619,0,0
9208,-1.02819619047619,0,0
9213,-1.02819619047619,0,0.049073
9217,-1.02819619047619,0.196292,-0.0392584
9222,-0.0467361904761905,0,0
9226,-0.0467361904761905,0,0
9231,-0.0467361904761905,0,0
9235,-0.0467361904761905,0,0.1472195
9240,-0.0467361904761905,0.7360975,-0.184024375
9244,2.89765380952381,0,0
9249,2.89765380952381,0,0
9253,2.89765380952381,0,0.147219
9258,2.89765380952381,0.736095,-0.18402375
9262,5.84203380952381,0,0
9267,5.84203380952381,0,0
9271,5.84203380952381,0,0
9276,5.84203380952381,0,-0.1962925
9280,5.84203380952381,-0.78517,0.157034
9285,1.91618380952381,0,0
9289,1.91618380952381,0,0
9294,1.91618380952381,0,-0.1962925
9298,1.91618380952381,-0.78517,0.157034
9303,-2.00966619047619,0,0
9307,-2.00966619047619,0,0
9312,-2.00966619047619,0,0
9316,-2.00966619047619,0,0.0490735
9320,-2.00966619047619,0.196294,-0.0392588
9325,-1.02819619047619,0,0
9329,-1.02819619047619,0,0
9334,-1.02819619047619,0,0.3435115
9338,-1.02819619047619,1.374046,-0.2748092
9343,5.84203380952381,-0,-0
0,5.84203380952381,0,0
5,5.84203380952381,0,0
9,5.84203380952381,0,-0.1962925
14,5.84203380952381,-0.9814625,0.245365625
18,1.91618380952381,0,0
23,1.91618380952381,0,0
27,1.91618380952381,0,-0.2453655
32,1.91618380952381,-1.2268275,0.306706875
36,-2.99112619047619,0,0
41,-2.99112619047619,0,0
45,-2.99112619047619,0,0
50,-2.99112619047619,0,-0.098146
54,-2.99112619047619,-0.392584,0.0785168
59,-4.95404619047619,0,0
63,-4.95404619047619,0,0
68,-4.95404619047619,0,0.1962925
72,-4.95404619047619,0.78517,-0.157034
77,-1.02819619047619,0,0
81,-1.02819619047619,0,0
86,-1.02819619047619,0,0
90,-1.02819619047619,0,0.1962925
95,-1.02819619047619,0.9814625,-0.245365625
99,2.89765380952381,0,0
104,2.89765380952381,0,0
108,2.89765380952381,0,-0.1472195
112,2.89765380952381,-0.588878,0.1177756
117,-0.0467361904761905,0,0
121,-0.0467361904761905,0,0
126,-0.0467361904761905,0,0
130,-0.0467361904761905,0,-0.049073
135,-0.0467361904761905,-0.245365,0.06134125
139,-1.02819619047619,0,0
144,-1.02819619047619,0,0
148,-1.02819619047619,0,0.1962925
153,-1.02819619047619,0.9814625,-0.245365625
157,2.89765380952381,0,0
162,2.89765380952381,0,0
166,2.89765380952381,0,0
171,2.89765380952381,0,-0.0981465
175,2.89765380952381,-0.392586,0.0785172
180,0.93472380952381,0,0
184,0.93472380952381,0,0
189,0.93472380952381,0,-0.1962925
193,0.93472380952381,-0.78517,0.157034
198,-2.99112619047619,0,0
202,-2.99112619047619,0,0
207,-2.99112619047619,0,0
211,-2.99112619047619,0,-0.1472195
216,-2.99112619047619,-0.7360975,0.184024375
220,-5.93551619047619,0,0
225,-5.93551619047619,0,0
229,-5.93551619047619,0,0.0490735
234,-5.93551619047619,0.2453675,-0.061341875
238,-4.95404619047619,0,0
243,-4.95404619047619,0,0
247,-4.95404619047619,0,0
251,-4.95404619047619,0,0.098146
256,-4.95404619047619,0.49073,-0.1226825
260,-2.99112619047619,0,0
265,-2.99112619047619,0,0
269,-2.99112619047619,0,-0.049073
274,-2.99112619047619,-0.245365,0.06134125
278,-3.97258619047619,0,0
283,-3.97258619047619,0,0
287,-3.97258619047619,0,0
292,-3.97258619047619,0,0.049073
296,-3.97258619047619,0.196292,-0.0392584
301,-2.99112619047619,0,0
305,-2.99112619047619,0,0
310,-2.99112619047619,0,0.294439
314,-2.99112619047619,1.177756,-0.2355512
319,2.89765380952381,0,0
323,2.89765380952381,0,0
328,2.89765380952381,0,0
332,2.89765380952381,0,-0.0981465
337,2.89765380952381,-0.4907325,0.122683125
341,0.93472380952381,0,0
346,0.93472380952381,0,0
350,0.93472380952381,0,0
355,0.93472380952381,0,0
359,0.93472380952381,0,0
364,0.93472380952381,0,0
368,0.93472380952381,0,0
373,0.93472380952381,0,-0.2453655
377,0.93472380952381,-0.981462,0.1962924
382,-3.97258619047619,0,0
386,-3.97258619047619,0,0
390,-3.97258619047619,0,-0.049073
395,-3.97258619047619,-0.245365,0.06134125
399,-4.95404619047619,0,0
404,-4.95404619047619,0,0
408,-4.95404619047619,0,0
413,-4.95404619047619,0,0.098146
417,-4.95404619047619,0.392584,-0.0785168
422,-2.99112619047619,0,0
426,-2.99112619047619,0,0
431,-2.99112619047619,0,0
435,-2.99112619047619,0,0
440,-2.99112619047619,0,0
444,-2.99112619047619,0,0
449,-2.99112619047619,0,0
453,-2.99112619047619,0,-0.049073
458,-2.99112619047619,-0.245365,0.06134125
462,-3.97258619047619,0,0
467,-3.97258619047619,0,0
471,-3.97258619047619,0,0
476,-3.97258619047619,0,0
480,-3.97258619047619,0,0
485,-3.97258619047619,0,0
489,-3.97258619047619,0,0
494,-3.97258619047619,0,-0.0981465
498,-3.97258619047619,-0.392586,0.0785172
503,-5.93551619047619,0,0
507,-5.93551619047619,0,0
512,-5.93551619047619,0,0.1962925
516,-5.93551619047619,0.78517,-0.157034
521,-2.00966619047619,0,0
525,-2.00966619047619,0,0
529,-2.00966619047619,0,0
534,-2.00966619047619,0,0.1472195
538,-2.00966619047619,0.588878,-0.1177756
543,0.93472380952381,0,0
547,0.93472380952381,0,0
552,0.93472380952381,0,0.1962925
556,0.93472380952381,0.78517,-0.157034
561,4.86057380952381,0,0
565,4.86057380952381,0,0
570,4.86057380952381,0,0
574,4.86057380952381,0,0
579,4.86057380952381,0,0
583,4.86057380952381,0,0
588,4.86057380952381,0,0
592,4.86057380952381,0,-0.098146
597,4.86057380952381,-0.49073,0.1226825
601,2.89765380952381,0,0
606,2.89765380952381,0,0
610,2.89765380952381,0,0
615,2.89765380952381,0,0.098146
619,2.89765380952381,0.392584,-0.0785168
624,4.86057380952381,0,0
628,4.86057380952381,0,0
633,4.86057380952381,0,-0.343512
637,4.86057380952381,-1.374048,0.2748096
642,-2.00966619047619,0,0
646,-2.00966619047619,0,0
651,-2.00966619047619,0,0
655,-2.00966619047619,0,0.0490735
660,-2.00966619047619,0.2453675,-0.061341875
664,-1.02819619047619,0,0
668,-1.02819619047619,0,0
673,-1.02819619047619,0,0
677,-1.02819619047619,0,0
682,-1.02819619047619,0,0
686,-1.02819619047619,0,0
691,-1.02819619047619,0,0
695,-1.02819619047619,0,-0.0490735
700,-1.02819619047619,-0.2453675,0.061341875
704,-2.00966619047619,0,0
709,-2.00966619047619,0,0
713,-2.00966619047619,0,-0.049073
718,-2.00966619047619,-0.245365,0.06134125
722,-2.99112619047619,0,0
727,-2.99112619047619,0,0
731,-2.99112619047619,0,0
736,-2.99112619047619,0,0.0981465
740,-2.99112619047619,0.392586,-0.0785172
745,-1.02819619047619,0,0
749,-1.02819619047619,0,0
754,-1.02819619047619,0,0.098146
758,-1.02819619047619,0.392584,-0.0785168
763,0.93472380952381,0,0
767,0.93472380952381,0,0
772,0.93472380952381,0,0
776,0.93472380952381,0,-0.098146
781,0.93472380952381,-0.49073,0.1226825
785,-1.02819619047619,0,0
790,-1.02819619047619,0,0
794,-1.02819619047619,0,0
799,-1.02819619047619,0,0
803,-1.02819619047619,0,0
808,-1.02819619047619,0,0
812,-1.02819619047619,0,0
816,-1.02819619047619,0,0.2453655
821,-1.02819619047619,1.2268275,-0.306706875
825,3.87911380952381,0,0
830,3.87911380952381,0,0
834,3.87911380952381,0,0.098146
839,3.87911380952381,0.49073,-0.1226825
843,5.84203380952381,0,0
848,5.84203380952381,0,0
852,5.84203380952381,0,0
857,5.84203380952381,0,0.0490735000000001
861,5.84203380952381,0.196294,-0.0392588000000001
866,6.82350380952381,0,0
870,6.82350380952381,0,0
875,6.82350380952381,0,-0.78517
879,6.82350380952381,-3.14068,1.020721
884,-8.87989619047619,1.962925,-0.49073125
888,-1.02819619047619,0,0
893,-1.02819619047619,0,0
897,-1.02819619047619,0,0
902,-1.02819619047619,0,0
906,-1.02819619047619,0,0
911,-1.02819619047619,0,0
915,-1.02819619047619,0,0.78517
920,-1.02819619047619,3.92585,-1.57034
924,14.6752038095238,-2.35551,0.471102
929,2.89765380952381,0,0
933,2.89765380952381,0,0
938,2.89765380952381,0,-0.1472195
942,2.89765380952381,-0.588878,0.1177756
947,-0.0467361904761905,0,0
951,-0.0467361904761905,0,0
955,-0.0467361904761905,0,0
960,-0.0467361904761905,0,-0.343512
964,-0.0467361904761905,-1.374048,0.2748096
969,-6.91697619047619,0,0
973,-6.91697619047619,0,0
978,-6.91697619047619,0,0.0981465
982,-6.91697619047619,0.392586,-0.0785172
987,-4.95404619047619,0,0
991,-4.95404619047619,0,0
996,-4.95404619047619,0,0
1000,-4.95404619047619,0,0
1005,-4.95404619047619,0,0
1009,-4.95404619047619,0,0
1014,-4.95404619047619,0,0
1018,-4.95404619047619,0,0.3435115
1023,-4.95404619047619,1.7175575,-0.429389375
1027,1.91618380952381,0,0
1032,1.91618380952381,0,0
1036,1.91618380952381,0,0
1041,1.91618380952381,0,-0.2453655
1045,1.91618380952381,-0.981462,0.1962924
1050,-2.99112619047619,0,0
1054,-2.99112619047619,0,0
1059,-2.99112619047619,0,0.294439
1063,-2.99112619047619,1.177756,-0.2355512
1068,2.89765380952381,0,0
1072,2.89765380952381,0,0
1077,2.89765380952381,0,0
1081,2.89765380952381,0,-0.294439
1086,2.89765380952381,-1.472195,0.36804875
1090,-2.99112619047619,0,0
1094,-2.99112619047619,0,0
1099,-2.99112619047619,0,0
1103,-2.99112619047619,0,0
1108,-2.99112619047619,0,0
1112,-2.99112619047619,0,0
1117,-2.99112619047619,0,0
1121,-2.99112619047619,0,0.0981465
1126,-2.99112619047619,0.4907325,-0.122683125
1130,-1.02819619047619,0,0
1135,-1.02819619047619,0,0
1139,-1.02819619047619,0,-0.0490735
1144,-1.02819619047619,-0.2453675,0.061341875
1148,-2.00966619047619,0,0
1153,-2.00966619047619,0,0
1157,-2.00966619047619,0,0
1162,-2.00966619047619,0,0.1962925
1166,-2.00966619047619,0.78517,-0.157034
1171,1.91618380952381,0,0
1175,1.91618380952381,0,0
1180,1.91618380952381,0,-0.147219
1184,1.91618380952381,-0.588876,0.1177752
1189,-1.02819619047619,0,0
1193,-1.02819619047619,0,0
1198,-1.02819619047619,0,0
1202,-1.02819619047619,0,-0.392585
1207,-1.02819619047619,-1.962925,0.49073125
1211,-8.87989619047619,0,0
1216,-8.87989619047619,0,0
1220,-8.87989619047619,0,0.098146
1225,-8.87989619047619,0.49073,-0.1226825
1229,-6.91697619047619,0,0
1233,-6.91697619047619,0,0
1238,-6.91697619047619,0,0
1242,-6.91697619047619,0,0.0981465
1247,-6.91697619047619,0.4907325,-0.122683125
1251,-4.95404619047619,0,0
1256,-4.95404619047619,0,0
1260,-4.95404619047619,0,0.098146
1265,-4.95404619047619,0.49073,-0.1226825
1269,-2.99112619047619,0,0
1274,-2.99112619047619,0,0
1278,-2.99112619047619,0,0
1283,-2.99112619047619,0,-0.049073
1287,-2.99112619047619,-0.196292,0.0392584
1292,-3.97258619047619,0,0
1296,-3.97258619047619,0,0
1301,-3.97258619047619,0,0.2453655
1305,-3.97258619047619,0.981462,-0.1962924
1310,0.93472380952381,0,0
1314,0.93472380952381,0,0
1319,0.93472380952381,0,0
1323,0.93472380952381,0,0.0490729999999999
1328,0.93472380952381,0.245365,-0.0613412499999999
1332,1.91618380952381,0,0
1337,1.91618380952381,0,0
1341,1.91618380952381,0,-0.0490729999999999
1346,1.91618380952381,-0.245365,0.0613412499999999
1350,0.93472380952381,0,0
1355,0.93472380952381,0,0
1359,0.93472380952381,0,0
1364,0.93472380952381,0,-0.2944385
1368,0.93472380952381,-1.177754,0.2355508
1373,-4.95404619047619,0,0
1377,-4.95404619047619,0,0
1381,-4.95404619047619,0,-0.0490735
1386,-4.95404619047619,-0.2453675,0.061341875
1390,-5.93551619047619,0,0
1395,-5.93551619047619,0,0
1399,-5.93551619047619,0,0
1404,-5.93551619047619,0,-0.3435115
1408,-5.93551619047619,-1.374046,0.2748092
1413,-12.8057461904762,0,0
1417,-12.8057461904762,0,0
1422,-12.8057461904762,0,0.539804
1426,-12.8057461904762,2.159216,-0.4318432
1431,-2.00966619047619,0,0
1435,-2.00966619047619,0,0
1440,-2.00966619047619,0,0
1444,-2.00966619047619,0,-0.147219
1449,-2.00966619047619,-0.736095,0.18402375
1453,-4.95404619047619,0,0
1458,-4.95404619047619,0,0
1462,-4.95404619047619,0,0.2944385
1467,-4.95404619047619,1.4721925,-0.368048125
1471,0.93472380952381,0,0
1476,0.93472380952381,0,0
1480,0.93472380952381,0,0
1485,0.93472380952381,0,-0.098146
1489,0.93472380952381,-0.392584,0.0785168
1494,-1.02819619047619,0,0
1498,-1.02819619047619,0,0
1503,-1.02819619047619,0,0.2453655
1507,-1.02819619047619,0.981462,-0.1962924
1512,3.87911380952381,0,0
1516,3.87911380952381,0,0
1520,3.87911380952381,0,0
1525,3.87911380952381,0,-0.343512
1529,3.87911380952381,-1.374048,0.2748096
1534,-2.99112619047619,0,0
1538,-2.99112619047619,0,0
1543,-2.99112619047619,0,-0.098146
1547,-2.99112619047619,-0.392584,0.0785168
1552,-4.95404619047619,0,0
1556,-4.95404619047619,0,0
1561,-4.95404619047619,0,0
1565,-4.95404619047619,0,0.2944385
1570,-4.95404619047619,1.4721925,-0.368048125
1574,0.93472380952381,0,0
1579,0.93472380952381,0,0
1583,0.93472380952381,0,-0.098146
1588,0.93472380952381,-0.49073,0.1226825
1592,-1.02819619047619,0,0
1597,-1.02819619047619,0,0
1601,-1.02819619047619,0,0
1606,-1.02819619047619,0,0
1610,-1.02819619047619,0,0
1615,-1.02819619047619,0,0
1619,-1.02819619047619,0,0
1624,-1.02819619047619,0,0.147219
1628,-1.02819619047619,0.588876,-0.1177752
1633,1.91618380952381,0,0
1637,1.91618380952381,0,0
1642,1.91618380952381,0,0
1646,1.91618380952381,0,-0.1962925
1651,1.91618380952381,-0.9814625,0.245365625
1655,-2.00966619047619,0,0
1659,-2.00966619047619,0,0
1664,-2.00966619047619,0,-0.2944385
1668,-2.00966619047619,-1.177754,0.2355508
1673,-7.89843619047619,0,0
1677,-7.89843619047619,0,0
1682,-7.89843619047619,0,0
1686,-7.89843619047619,0,0.2944385
1691,-7.89843619047619,1.4721925,-0.368048125
1695,-2.00966619047619,0,0
1700,-2.00966619047619,0,0
1704,-2.00966619047619,0,-0.1962925
1709,-2.00966619047619,-0.9814625,0.245365625
1713,-5.93551619047619,0,0
1718,-5.93551619047619,0,0
1722,-5.93551619047619,0,0
1727,-5.93551619047619,0,0.1962925
1731,-5.93551619047619,0.78517,-0.157034
1736,-2.00966619047619,0,0
1740,-2.00966619047619,0,0
1745,-2.00966619047619,0,-0.049073
1749,-2.00966619047619,-0.196292,0.0392584
1754,-2.99112619047619,0,0
1758,-2.99112619047619,0,0
1763,-2.99112619047619,0,0
1767,-2.99112619047619,0,0.1962925
1772,-2.99112619047619,0.9814625,-0.245365625
1776,0.93472380952381,0,0
1781,0.93472380952381,0,0
1785,0.93472380952381,0,0.1962925
1790,0.93472380952381,0.9814625,-0.245365625
1794,4.86057380952381,0,0
1799,4.86057380952381,0,0
1803,4.86057380952381,0,0
1807,4.86057380952381,0,-0.2944385
1812,4.86057380952381,-1.4721925,0.368048125
1816,-1.02819619047619,0,0
1821,-1.02819619047619,0,0
1825,-1.02819619047619,0,-0.1962925
1830,-1.02819619047619,-0.9814625,0.245365625
1834,-4.95404619047619,0,0
1839,-4.95404619047619,0,0
1843,-4.95404619047619,0,0
1848,-4.95404619047619,0,0.147219
1852,-4.95404619047619,0.588876,-0.1177752
1857,-2.00966619047619,0,0
1861,-2.00966619047619,0,0
1866,-2.00966619047619,0,-0.098146
1870,-2.00966619047619,-0.392584,0.0785168
1875,-3.97258619047619,0,0
1879,-3.97258619047619,0,0
1884,-3.97258619047619,0,0
1888,-3.97258619047619,0,-0.1962925
1893,-3.97258619047619,-0.9814625,0.245365625
1897,-7.89843619047619,0,0
1902,-7.89843619047619,0,0
1906,-7.89843619047619,0,-0.441658
1911,-7.89843619047619,-2.20829,0.5520725
1915,-16.7315961904762,0,0
1920,-16.7315961904762,0,0
1924,-16.7315961904762,0,0
1929,-16.7315961904762,0,-0.6379505
1933,-16.7315961904762,-2.551802,0.5103604
1938,-29.4906061904762,0,0
1942,-29.4906061904762,0,0
1946,-29.4906061904762,0,-1.962925
1951,-29.4906061904762,-9.814625,2.45365625
1955,-68.7491061904762,0,0
1960,-68.7491061904762,0,0
1964,-68.7491061904762,0,0
1969,-68.7491061904762,0,-2.1592175
1973,-68.7491061904762,-8.63687,1.727374
1978,-111.933456190476,0,0
1982,-111.933456190476,0,0
1987,-111.933456190476,0,-3.4351185
1991,-111.933456190476,-13.740474,2.7480948
1996,-180.635826190476,0,0
2000,-180.635826190476,0,0
2005,-180.635826190476,0,0
2009,-180.635826190476,0,-6.3795065
2014,-180.635826190476,-31.8975325,7.974383125
2018,-308.225956190476,0,0
2023,-308.225956190476,0,0
2027,-308.225956190476,0,-3.189752
2032,-308.225956190476,-15.94876,3.98719
2036,-372.020996190476,0,0
2041,-372.020996190476,0,0
2045,-372.020996190476,0,0
2050,-372.020996190476,0,-3.287899
2054,-372.020996190476,-13.151596,2.6303192
2059,-437.778976190476,0,0
2063,-437.778976190476,0,0
2068,-437.778976190476,0,5.839701
2072,-437.778976190476,23.358804,-4.6717608
2077,-320.984956190476,0,0
2081,-320.984956190476,0,0
2086,-320.984956190476,0,0
2090,-320.984956190476,0,4.5147275
2094,-320.984956190476,18.05891,-3.611782
2099,-230.690406190476,0,0
2103,-230.690406190476,0,0
2108,-230.690406190476,0,2.502729
2112,-230.690406190476,10.010916,-2.0021832
2117,-180.635826190476,0,0
2121,-180.635826190476,0,0
2126,-180.635826190476,0,0
2130,-180.635826190476,0,10.2562825
2135,-180.635826190476,51.2814125,-12.820353125
2139,24.4898238095238,0,0
2144,24.4898238095238,0,0
2148,24.4898238095238,0,1.4231205
2153,24.4898238095238,7.1156025,-1.778900625
2157,52.9522338095238,0,0
2162,52.9522338095238,0,0
2166,52.9522338095238,0,0
2171,52.9522338095238,0,4.4165805
2175,52.9522338095238,17.666322,-3.5332644
2180,141.283843809524,0,0
2184,141.283843809524,0,0
2189,141.283843809524,0,2.6008765
2193,141.283843809524,10.403506,-2.0807012
2198,193.301373809524,0,0
2202,193.301373809524,0,0
2207,193.301373809524,0,0
2211,193.301373809524,0,5.3980435
2216,193.301373809524,26.9902175,-6.747554375
2220,301.262243809524,0,0
2225,301.262243809524,0,0
2229,301.262243809524,0,2.4045825
2233,301.262243809524,9.61833,-1.923666
2238,349.353893809524,0,0
2242,349.353893809524,0,0
2247,349.353893809524,0,0
2251,349.353893809524,0,1.8647785
2256,349.353893809524,9.3238925,-2.330973125
2260,386.649463809524,0,0
2265,386.649463809524,0,0
2269,386.649463809524,0,0.245365999999999
2274,386.649463809524,1.22682999999999,-0.306707499999998
2278,391.556783809524,0,0
2283,391.556783809524,0,0
2287,391.556783809524,0,0
2292,391.556783809524,0,-2.404584
2296,391.556783809524,-9.618336,1.9236672
2301,343.465103809524,0,0
2305,343.465103809524,0,0
2310,343.465103809524,0,-1.1777545
2314,343.465103809524,-4.711018,0.9422036
2319,319.910013809524,0,0
2323,319.910013809524,0,0
2328,319.910013809524,0,0
2332,319.910013809524,0,-0.736096000000001
2337,319.910013809524,-3.68048,0.920120000000001
2341,305.188093809524,0,0
2346,305.188093809524,0,0
2350,305.188093809524,0,-4.220289
2355,305.188093809524,-21.101445,5.27536125
2359,220.782313809524,0,0
2364,220.782313809524,0,0
2368,220.782313809524,0,0
2372,220.782313809524,0,-0.932389500000001
2377,220.782313809524,-4.6619475,1.165486875
2381,202.134523809524,0,0
2386,202.134523809524,0,0
2390,202.134523809524,0,-1.128682
2395,202.134523809524,-5.64341,1.4108525
2399,179.560883809524,0,0
2404,179.560883809524,0,0
2408,179.560883809524,0,0
2413,179.560883809524,0,-6.3795055
2417,179.560883809524,-25.518022,5.1036044
2422,51.9707738095238,0,0
2426,51.9707738095238,0,0
2431,51.9707738095238,0,-2.9443875
2435,51.9707738095238,-11.77755,2.35551
2440,-6.91697619047619,0,0
2444,-6.91697619047619,0,0
2449,-6.91697619047619,0,0
2453,-6.91697619047619,0,-4.514727
2458,-6.91697619047619,-22.573635,5.64340875
2462,-97.2115161904762,0,0
2467,-97.2115161904762,0,0
2471,-97.2115161904762,0,-3.7295575
2476,-97.2115161904762,-18.6477875,4.661946875
2480,-171.802666190476,0,0
2485,-171.802666190476,0,0
2489,-171.802666190476,0,0
2494,-171.802666190476,0,-2.3064365
2498,-171.802666190476,-9.225746,1.8451492
2503,-217.931396190476,0,0
2507,-217.931396190476,0,0
2512,-217.931396190476,0,-2.944386875
2516,-217.931396190476,-11.7775475,2.944386875
2520,-265.041586190476,0,0
2525,-265.041586190476,0,0
2529,-265.041586190476,0,0
2534,-265.041586190476,0,-0.883316500000001
2538,-265.041586190476,-3.533266,0.706653200000001
2543,-282.707916190476,0,0
2547,-282.707916190476,0,0
2552,-282.707916190476,0,-0.294438499999998
2556,-282.707916190476,-1.17775399999999,0.235550799999999
2561,-288.596686190476,0,0
2565,-288.596686190476,0,0
2570,-288.596686190476,0,0
2574,-288.596686190476,0,0.687024
2579,-288.596686190476,3.43512,-0.858779999999999
2583,-274.856206190476,0,0
2588,-274.856206190476,0,0
2592,-274.856206190476,0,1.0305345
2597,-274.856206190476,5.1526725,-1.288168125
2601,-254.245516190476,0,0
2606,-254.245516190476,0,0
2610,-254.245516190476,0,0
2615,-254.245516190476,0,1.3249745
2619,-254.245516190476,5.299898,-1.0599796
2624,-227.746026190476,0,0
2628,-227.746026190476,0,0
2633,-227.746026190476,0,2.011998
2637,-227.746026190476,8.047992,-1.6095984
2642,-187.506066190476,0,0
2646,-187.506066190476,0,0
2651,-187.506066190476,0,0
2655,-187.506066190476,0,-0.147219
2659,-187.506066190476,-0.588875999999999,0.1177752
2664,-190.450446190476,0,0
2668,-190.450446190476,0,0
2673,-190.450446190476,0,3.8767765
2677,-190.450446190476,15.507106,-3.1014212
2682,-112.914916190476,0,0
2686,-112.914916190476,0,0
2691,-112.914916190476,0,0
2695,-112.914916190476,0,1.374047
2700,-112.914916190476,6.870235,-1.71755875
2704,-85.4339761904762,0,0
2709,-85.4339761904762,0,0
2713,-85.4339761904762,0,6.1341405
2718,-85.4339761904762,30.6707025,-7.667675625
2722,37.2488338095238,0,0
2727,37.2488338095238,0,0
2731,37.2488338095238,0,0
2736,37.2488338095238,0,3.876777
2740,37.2488338095238,15.507108,-3.1014216
2745,114.784373809524,0,0
2749,114.784373809524,0,0
2754,114.784373809524,0,1.079608
2758,114.784373809524,4.318432,-0.863686399999999
2763,136.376533809524,0,0
2767,136.376533809524,0,0
2772,136.376533809524,0,0
2776,136.376533809524,0,0.490732
2781,136.376533809524,2.45366,-0.613415
2785,146.191173809524,0,0
2790,146.191173809524,0,0
2794,146.191173809524,0,1.57034
2799,146.191173809524,7.8517,-1.962925
2803,177.597973809524,0,0
2807,177.597973809524,0,0
2812,177.597973809524,0,0
2816,177.597973809524,0,0.588877000000001
2821,177.597973809524,2.944385,-0.736096250000001
2825,189.375513809524,0,0
2830,189.375513809524,0,0
2834,189.375513809524,0,-0.0490735000000001
2839,189.375513809524,-0.2453675,0.0613418750000001
2843,188.394043809524,0,0
2848,188.394043809524,0,0
2852,188.394043809524,0,0
2857,188.394043809524,0,-0.294438000000001
2861,188.394043809524,-1.177752,0.235550400000001
2866,182.505283809524,0,0
2870,182.505283809524,0,0
2875,182.505283809524,0,-0.490732
2879,182.505283809524,-1.962928,0.3925856
2884,172.690643809524,0,0
2888,172.690643809524,0,0
2893,172.690643809524,0,0
2897,172.690643809524,0,-0.883315499999999
2902,172.690643809524,-4.4165775,1.104144375
2906,155.024333809524,0,0
2911,155.024333809524,0,0
2915,155.024333809524,0,-0.539804500000001
2920,155.024333809524,-2.69902250000001,0.674755625000001
2924,144.228243809524,0,0
2929,144.228243809524,0,0
2933,144.228243809524,0,0
2938,144.228243809524,0,-2.085608125
2942,144.228243809524,-8.3424325,2.085608125
2946,110.858513809524,0,0
2951,110.858513809524,0,0
2955,110.858513809524,0,-2.895314
2960,110.858513809524,-14.47657,3.6191425
2964,52.9522338095238,0,0
2969,52.9522338095238,0,0
2973,52.9522338095238,0,0
2978,52.9522338095238,0,-1.1286815
2982,52.9522338095238,-4.514726,0.9029452
2987,30.3786038095238,0,0
2991,30.3786038095238,0,0
2996,30.3786038095238,0,-0.9323895
3000,30.3786038095238,-3.729558,0.7459116
3005,11.7308138095238,0,0
3009,11.7308138095238,0,0
3014,11.7308138095238,0,0
3018,11.7308138095238,0,-3.3369725
3023,11.7308138095238,-16.6848625,4.171215625
3027,-55.0086361904762,0,0
3032,-55.0086361904762,0,0
3036,-55.0086361904762,0,-0.736097000000001
3041,-55.0086361904762,-3.680485,0.920121250000001
3045,-69.7305761904762,0,0
3050,-69.7305761904762,0,0
3054,-69.7305761904762,0,0
3059,-69.7305761904762,0,-0.785169999999999
3063,-69.7305761904762,-3.14068,0.628135999999999
3068,-85.4339761904762,0,0
3072,-85.4339761904762,0,0
3077,-85.4339761904762,0,-1.901583125
3081,-85.4339761904762,-7.6063325,1.901583125
3085,-115.859306190476,0,0
3090,-115.859306190476,0,0
3094,-115.859306190476,0,0
3099,-115.859306190476,0,-1.4231205
3103,-115.859306190476,-5.692482,1.1384964
3108,-144.321716190476,0,0
3112,-144.321716190476,0,0
3117,-144.321716190476,0,-0.147219
3121,-144.321716190476,-0.588875999999999,0.1177752
3126,-147.266096190476,0,0
3130,-147.266096190476,0,0
3135,-147.266096190476,0,0
3139,-147.266096190476,0,0.834242500000001
3144,-147.266096190476,4.1712125,-1.042803125
3148,-130.581246190476,0,0
3153,-130.581246190476,0,0
3157,-130.581246190476,0,1.3249745
3162,-130.581246190476,6.6248725,-1.656218125
3166,-104.081756190476,0,0
3171,-104.081756190476,0,0
3175,-104.081756190476,0,0
3180,-104.081756190476,0,0.539804000000001
3184,-104.081756190476,2.159216,-0.431843200000001
3189,-93.2856761904762,0,0
3193,-93.2856761904762,0,0
3198,-93.2856761904762,0,1.079609
3202,-93.2856761904762,4.318436,-0.863687199999999
3207,-71.6934961904762,0,0
3211,-71.6934961904762,0,0
3216,-71.6934961904762,0,0
3220,-71.6934961904762,0,1.3740475
3225,-71.6934961904762,6.8702375,-1.717559375
3229,-44.2125461904762,0,0
3233,-44.2125461904762,0,0
3238,-44.2125461904762,0,0.78517
3242,-44.2125461904762,3.14068,-0.628136
3247,-28.5091461904762,0,0
3251,-28.5091461904762,0,0
3256,-28.5091461904762,0,0
3260,-28.5091461904762,0,-0.0490730000000001
3265,-28.5091461904762,-0.245365,0.0613412500000001
3269,-29.4906061904762,0,0
3274,-29.4906061904762,0,0
3278,-29.4906061904762,0,0.7851695
3283,-29.4906061904762,3.9258475,-0.539803375
3287,-13.7872161904762,1.766634,-0.3533268
3292,-4.95404619047619,0,0
3296,-4.95404619047619,0,0
3301,-4.95404619047619,0,1.275901
3305,-4.95404619047619,5.103604,-1.0207208
3310,20.5639738095238,0,0
3314,20.5639738095238,0,0
3319,20.5639738095238,0,0.78517
3323,20.5639738095238,3.14068,-0.579063
3328,36.2673738095238,0.245365,-0.0613412499999999
3332,37.2488338095238,0,0
3337,37.2488338095238,0,0
3341,37.2488338095238,0,0.687024
3346,37.2488338095238,3.43512,-0.85878
3350,50.9893138095238,0,0
3355,50.9893138095238,0,0
3359,50.9893138095238,0,0
3364,50.9893138095238,0,1.901583125
3368,50.9893138095238,7.6063325,-1.901583125
3372,81.4146438095238,0,0
3377,81.4146438095238,0,0
3381,81.4146438095238,0,0.0981465
3386,81.4146438095238,0.4907325,-0.122683125
3390,83.3775738095238,0,0
3395,83.3775738095238,0,0
3399,83.3775738095238,0,0
3404,83.3775738095238,0,0.245365500000001
3408,83.3775738095238,0.981462000000005,-0.196292400000001
3413,88.2848838095238,0,0
3417,88.2848838095238,0,0
3422,88.2848838095238,0,-0.785170000000001
3426,88.2848838095238,-3.14068,0.628136000000001
3431,72.5814838095238,0,0
3435,72.5814838095238,0,0
3440,72.5814838095238,0,0
3444,72.5814838095238,0,-0.2944385
3449,72.5814838095238,-1.4721925,0.368048125
3453,66.6927138095238,0,0
3458,66.6927138095238,0,0
3462,66.6927138095238,0,-0.6379505
3467,66.6927138095238,-3.1897525,0.797438125
3471,53.9337038095238,0,0
3476,53.9337038095238,0,0
3480,53.9337038095238,0,0
3485,53.9337038095238,0,-0.4907315
3489,53.9337038095238,-1.962926,0.3925852
3494,44.1190738095238,0,0
3498,44.1190738095238,0,0
3503,44.1190738095238,0,-0.5520725
3507,44.1190738095238,-2.20829,0.5520725
3511,35.2859138095238,0,0
3516,35.2859138095238,0,0
3520,35.2859138095238,0,0
3525,35.2859138095238,0,0.1472195
3529,35.2859138095238,0.588878,-0.1177756
3534,38.2303038095238,0,0
3538,38.2303038095238,0,0
3543,38.2303038095238,0,-1.6194135
3547,38.2303038095238,-6.477654,1.2955308
3552,5.84203380952381,0,0
3556,5.84203380952381,0,0
3561,5.84203380952381,0,0
3565,5.84203380952381,0,-0.6870235
3570,5.84203380952381,-3.4351175,0.858779375
3574,-7.89843619047619,0,0
3579,-7.89843619047619,0,0
3583,-7.89843619047619,0,-0.0490730000000001
3588,-7.89843619047619,-0.245365,0.0613412500000001
3592,-8.87989619047619,0,0
3597,-8.87989619047619,0,0
3601,-8.87989619047619,0,0
3606,-8.87989619047619,0,-0.736097
3610,-8.87989619047619,-2.944388,0.5888776
3615,-23.6018361904762,0,0
3619,-23.6018361904762,0,0
3624,-23.6018361904762,0,-0.736097
3628,-23.6018361904762,-2.944388,0.5888776
3633,-38.3237761904762,0,0
3637,-38.3237761904762,0,0
3642,-38.3237761904762,0,0
3646,-38.3237761904762,0,-0.2453655
3651,-38.3237761904762,-1.2268275,0.306706875
3655,-43.2310861904762,0,0
3659,-43.2310861904762,0,0
3664,-43.2310861904762,0,0.1472195
3668,-43.2310861904762,0.588878,-0.1177756
3673,-40.2866961904762,0,0
3677,-40.2866961904762,0,0
3682,-40.2866961904762,0,0
3686,-40.2866961904762,0,0.0490729999999999
3691,-40.2866961904762,0.245365,-0.0613412499999999
3695,-39.3052361904762,0,0
3700,-39.3052361904762,0,0
3704,-39.3052361904762,0,-0.1962925
3709,-39.3052361904762,-0.981462499999999,0.245365625
3713,-43.2310861904762,0,0
3718,-43.2310861904762,0,0
3722,-43.2310861904762,0,0
3727,-43.2310861904762,0,0.736097
3731,-43.2310861904762,2.944388,-0.5888776
3736,-28.5091461904762,0,0
3740,-28.5091461904762,0,0
3745,-28.5091461904762,0,0.1962925
3749,-28.5091461904762,0.78517,-0.157034
3754,-24.5832961904762,0,0
3758,-24.5832961904762,0,0
3763,-24.5832961904762,0,0
3767,-24.5832961904762,0,0.1962925
3772,-24.5832961904762,0.9814625,-0.245365625
3776,-20.6574461904762,0,0
3781,-20.6574461904762,0,0
3785,-20.6574461904762,0,0.78517
3790,-20.6574461904762,3.92585,-0.9814625
3794,-4.95404619047619,0,0
3798,-4.95404619047619,0,0
3803,-4.95404619047619,0,0
3807,-4.95404619047619,0,0.6870235
3812,-4.95404619047619,3.4351175,-0.858779375
3816,8.78642380952381,0,0
3821,8.78642380952381,0,0
3825,8.78642380952381,0,0.0490729999999999
3830,8.78642380952381,0.245365,-0.0613412499999999
3834,9.76788380952381,0,0
3839,9.76788380952381,0,0
3843,9.76788380952381,0,0
3848,9.76788380952381,0,-0.3435115
3852,9.76788380952381,-1.374046,0.2748092
3857,2.89765380952381,0,0
3861,2.89765380952381,0,0
3866,2.89765380952381,0,-0.0490735000000001
3870,2.89765380952381,-0.196294,0.0392588000000001
3875,1.91618380952381,0,0
3879,1.91618380952381,0,0
3884,1.91618380952381,0,0
3888,1.91618380952381,0,-0.147219
3893,1.91618380952381,-0.736095,0.18402375
3897,-1.02819619047619,0,0
3902,-1.02819619047619,0,0
3906,-1.02819619047619,0,0.5888775
3911,-1.02819619047619,2.9443875,-0.736096875
3915,10.7493538095238,0,0
3920,10.7493538095238,0,0
3924,10.7493538095238,0,0
3929,10.7493538095238,0,0.0981459999999998
3933,10.7493538095238,0.392583999999999,-0.0785167999999999
3938,12.7122738095238,0,0
3942,12.7122738095238,0,0
3946,12.7122738095238,0,0.0490730000000001
3951,12.7122738095238,0.245365,-0.0613412500000001
3955,13.6937338095238,0,0
3960,13.6937338095238,0,0
3964,13.6937338095238,0,0
3969,13.6937338095238,0,0.1472195
3973,13.6937338095238,0.588878,-0.1177756
3978,16.6381238095238,0,0
3982,16.6381238095238,0,0
3987,16.6381238095238,0,-0.0981460000000002
3991,16.6381238095238,-0.392584000000001,0.0785168000000002
3996,14.6752038095238,0,0
4000,14.6752038095238,0,0
4005,14.6752038095238,0,0
4009,14.6752038095238,0,-0.5398045
4014,14.6752038095238,-2.6990225,0.674755625
4018,3.87911380952381,0,0
4023,3.87911380952381,0,0
4027,3.87911380952381,0,0.0490730000000001
4032,3.87911380952381,0.245365,-0.0613412500000001
4036,4.86057380952381,0,0
4041,4.86057380952381,0,0
4045,4.86057380952381,0,0
4050,4.86057380952381,0,-0.098146
4054,4.86057380952381,-0.392584,0.0785168
4059,2.89765380952381,0,0
4063,2.89765380952381,0,0
4068,2.89765380952381,0,-0.245366
4072,2.89765380952381,-0.981464,0.1962928
4077,-2.00966619047619,0,0
4081,-2.00966619047619,0,0
4085,-2.00966619047619,0,0
4090,-2.00966619047619,0,0.0490735
4094,-2.00966619047619,0.196294,-0.0392588
4099,-1.02819619047619,0,0
4103,-1.02819619047619,0,0
4108,-1.02819619047619,0,0.098146
4112,-1.02819619047619,0.392584,-0.0785168
4117,0.93472380952381,0,0
4121,0.93472380952381,0,0
4126,0.93472380952381,0,0
4130,0.93472380952381,0,-0.098146
4135,0.93472380952381,-0.49073,0.1226825
4139,-1.02819619047619,0,0
4144,-1.02819619047619,0,0
4148,-1.02819619047619,0,0
4153,-1.02819619047619,0,0
4157,-1.02819619047619,0,0
4162,-1.02819619047619,0,0
4166,-1.02819619047619,0,0
4171,-1.02819619047619,0,0.147219
4175,-1.02819619047619,0.588876,-0.1177752
4180,1.91618380952381,0,0
4184,1.91618380952381,0,0
4189,1.91618380952381,0,-0.0490729999999999
4193,1.91618380952381,-0.196292,0.0392583999999999
4198,0.93472380952381,0,0
4202,0.93472380952381,0,0
4207,0.93472380952381,0,0
4211,0.93472380952381,0,0
4216,0.93472380952381,0,0
4220,0.93472380952381,0,0
4225,0.93472380952381,0,0
4229,0.93472380952381,0,0
4233,0.93472380952381,0,0
4238,0.93472380952381,0,0
4242,0.93472380952381,0,0
4247,0.93472380952381,0,0
4251,0.93472380952381,0,-0.1472195
4256,0.93472380952381,-0.7360975,0.184024375
4260,-2.00966619047619,0,0
4265,-2.00966619047619,0,0
4269,-2.00966619047619,0,0.1472195
4274,-2.00966619047619,0.7360975,-0.184024375
4278,0.93472380952381,0,0
4283,0.93472380952381,0,0
4287,0.93472380952381,0,0
4292,0.93472380952381,0,-0.1472195
4296,0.93472380952381,-0.588878,0.1177756
4301,-2.00966619047619,0,0
4305,-2.00966619047619,0,0
4310,-2.00966619047619,0,0.0490735
4314,-2.00966619047619,0.196294,-0.0392588
4319,-1.02819619047619,0,0
4323,-1.02819619047619,0,0
4328,-1.02819619047619,0,0
4332,-1.02819619047619,0,0.098146
4337,-1.02819619047619,0.49073,-0.1226825
4341,0.93472380952381,0,0
4346,0.93472380952381,0,0
4350,0.93472380952381,0,0.0490729999999999
4355,0.93472380952381,0.245365,-0.0613412499999999
4359,1.91618380952381,0,0
4364,1.91618380952381,0,0
4368,1.91618380952381,0,0
4372,1.91618380952381,0,-0.2944385
4377,1.91618380952381,-1.4721925,0.368048125
4381,-3.97258619047619,0,0
4386,-3.97258619047619,0,0
4390,-3.97258619047619,0,0.2453655
4395,-3.97258619047619,1.2268275,-0.306706875
4399,0.93472380952381,0,0
4404,0.93472380952381,0,0
4408,0.93472380952381,0,0
4413,0.93472380952381,0,0.294439
4417,0.93472380952381,1.177756,-0.2355512
4422,6.82350380952381,0,0
4426,6.82350380952381,0,0
4431,6.82350380952381,0,-0.0981465
4435,6.82350380952381,-0.392586,0.0785172
4440,4.86057380952381,0,0
4444,4.86057380952381,0,0
4449,4.86057380952381,0,0
4453,4.86057380952381,0,-0.1962925
4458,4.86057380952381,-0.9814625,0.245365625
4462,0.93472380952381,0,0
4467,0.93472380952381,0,0
4471,0.93472380952381,0,0
4476,0.93472380952381,0,0
4480,0.93472380952381,0,0
4485,0.93472380952381,0,0
4489,0.93472380952381,0,0
4494,0.93472380952381,0,0.0490729999999999
4498,0.93472380952381,0.196292,-0.0392583999999999
4503,1.91618380952381,0,0
4507,1.91618380952381,0,0
4511,1.91618380952381,0,0
4516,1.91618380952381,0,0
4520,1.91618380952381,0,0
4525,1.91618380952381,0,0
4529,1.91618380952381,0,0
4534,1.91618380952381,0,-0.1962925
4538,1.91618380952381,-0.78517,0.157034
4543,-2.00966619047619,0,0
4547,-2.00966619047619,0,0
4552,-2.00966619047619,0,-0.049073
4556,-2.00966619047619,-0.196292,0.0392584
4561,-2.99112619047619,0,0
4565,-2.99112619047619,0,0
4570,-2.99112619047619,0,0
4574,-2.99112619047619,0,0
4579,-2.99112619047619,0,0
4583,-2.99112619047619,0,0
4588,-2.99112619047619,0,0
4592,-2.99112619047619,0,0.049073
4597,-2.99112619047619,0.245365,-0.06134125
4601,-2.00966619047619,0,0
4606,-2.00966619047619,0,0
4610,-2.00966619047619,0,0
4615,-2.00966619047619,0,0
4619,-2.00966619047619,0,0
4624,-2.00966619047619,0,0
4628,-2.00966619047619,0,0
4633,-2.00966619047619,0,0.1472195
4637,-2.00966619047619,0.588878,-0.1177756
4642,0.93472380952381,0,0
4646,0.93472380952381,0,0
4651,0.93472380952381,0,0
4655,0.93472380952381,0,0.0981465
4659,0.93472380952381,0.392586,-0.0785172
4664,2.89765380952381,0,0
4668,2.89765380952381,0,0
4673,2.89765380952381,0,0.098146
4677,2.89765380952381,0.392584,-0.0785168
4682,4.86057380952381,0,0
4686,4.86057380952381,0,0
4691,4.86057380952381,0,0
4695,4.86057380952381,0,0.0981465
4700,4.86057380952381,0.4907325,-0.122683125
4704,6.82350380952381,0,0
4709,6.82350380952381,0,0
4713,6.82350380952381,0,-0.294439
4718,6.82350380952381,-1.472195,0.36804875
4722,0.93472380952381,0,0
4727,0.93472380952381,0,0
4731,0.93472380952381,0,0
4736,0.93472380952381,0,-0.1962925
4740,0.93472380952381,-0.78517,0.157034
4745,-2.99112619047619,0,0
4749,-2.99112619047619,0,0
4754,-2.99112619047619,0,-0.2453655
4758,-2.99112619047619,-0.981462,0.1962924
4763,-7.89843619047619,0,0
4767,-7.89843619047619,0,0
4772,-7.89843619047619,0,0
4776,-7.89843619047619,0,0.2944385
4781,-7.89843619047619,1.4721925,-0.368048125
4785,-2.00966619047619,0,0
4790,-2.00966619047619,0,0
4794,-2.00966619047619,0,0.0490735
4798,-2.00966619047619,0.196294,-0.0392588
4803,-1.02819619047619,0,0
4807,-1.02819619047619,0,0
4812,-1.02819619047619,0,0
4816,-1.02819619047619,0,0.1962925
4821,-1.02819619047619,0.9814625,-0.245365625
4825,2.89765380952381,0,0
4830,2.89765380952381,0,0
4834,2.89765380952381,0,0.098146
4839,2.89765380952381,0.49073,-0.1226825
4843,4.86057380952381,0,0
4848,4.86057380952381,0,0
4852,4.86057380952381,0,0
4857,4.86057380952381,0,0.1472195
4861,4.86057380952381,0.588878,-0.1177756
4866,7.80496380952381,0,0
4870,7.80496380952381,0,0
4875,7.80496380952381,0,-0.294439
4879,7.80496380952381,-1.177756,0.2355512
4884,1.91618380952381,0,0
4888,1.91618380952381,0,0
4893,1.91618380952381,0,0
4897,1.91618380952381,0,-0.0490729999999999
4902,1.91618380952381,-0.245365,0.0613412499999999
4906,0.93472380952381,0,0
4911,0.93472380952381,0,0
4915,0.93472380952381,0,-0.098146
4920,0.93472380952381,-0.49073,0.1226825
4924,-1.02819619047619,0,0
4929,-1.02819619047619,0,0
4933,-1.02819619047619,0,0
4937,-1.02819619047619,0,0
4942,-1.02819619047619,0,0
4946,-1.02819619047619,0,0
4951,-1.02819619047619,0,0
4955,-1.02819619047619,0,0
4960,-1.02819619047619,0,0
4964,-1.02819619047619,0,0
4969,-1.02819619047619,0,0
4973,-1.02819619047619,0,0
4978,-1.02819619047619,0,0
4982,-1.02819619047619,0,0
4987,-1.02819619047619,0,0
4991,-1.02819619047619,0,0
4996,-1.02819619047619,0,0.147219
5000,-1.02819619047619,0.588876,-0.1177752
5005,1.91618380952381,0,0
5009,1.91618380952381,0,0
5014,1.91618380952381,0,0
5018,1.91618380952381,0,0.1472195
5023,1.91618380952381,0.736097500000001,-0.184024375
5027,4.86057380952381,0,0
5032,4.86057380952381,0,0
5036,4.86057380952381,0,-0.343512
5041,4.86057380952381,-1.71756,0.42939
5045,-2.00966619047619,0,0
5050,-2.00966619047619,0,0
5054,-2.00966619047619,0,0
5059,-2.00966619047619,0,0.0981465
5063,-2.00966619047619,0.392586,-0.0785172
5068,-0.0467361904761905,0,0
5072,-0.0467361904761905,0,0
5077,-0.0467361904761905,0,-0.06134125
5081,-0.0467361904761905,-0.245365,0.06134125
5085,-1.02819619047619,0,0
5090,-1.02819619047619,0,0
5094,-1.02819619047619,0,0
5099,-1.02819619047619,0,-0.1472195
5103,-1.02819619047619,-0.588878,0.1177756
5108,-3.97258619047619,0,0
5112,-3.97258619047619,0,0
5117,-3.97258619047619,0,0.098146
5121,-3.97258619047619,0.392584,-0.0785168
5126,-2.00966619047619,0,0
5130,-2.00966619047619,0,0
5135,-2.00966619047619,0,0
5139,-2.00966619047619,0,0.1472195
5144,-2.00966619047619,0.7360975,-0.184024375
5148,0.93472380952381,0,0
5153,0.93472380952381,0,0
5157,0.93472380952381,0,0.1472195
5162,0.93472380952381,0.7360975,-0.184024375
5166,3.87911380952381,0,0
5171,3.87911380952381,0,0
5175,3.87911380952381,0,0
5180,3.87911380952381,0,0.0490730000000001
5184,3.87911380952381,0.196292,-0.0392584000000001
5189,4.86057380952381,0,0
5193,4.86057380952381,0,0
5198,4.86057380952381,0,-0.0490730000000001
5202,4.86057380952381,-0.196292,0.0392584000000001
5207,3.87911380952381,0,0
5211,3.87911380952381,0,0
5216,3.87911380952381,0,0
5220,3.87911380952381,0,-0.1962925
5224,3.87911380952381,-0.78517,0.157034
5229,-0.0467361904761905,0,0
5233,-0.0467361904761905,0,0
5238,-0.0467361904761905,0,-0.049073
5242,-0.0467361904761905,-0.196292,0.0392584
5247,-1.02819619047619,0,0
5251,-1.02819619047619,0,0
5256,-1.02819619047619,0,0
5260,-1.02819619047619,0,-0.1472195
5265,-1.02819619047619,-0.7360975,0.184024375
5269,-3.97258619047619,0,0
5274,-3.97258619047619,0,0
5278,-3.97258619047619,0,0.098146
5283,-3.97258619047619,0.49073,-0.1226825
5287,-2.00966619047619,0,0
5292,-2.00966619047619,0,0
5296,-2.00966619047619,0,0
5301,-2.00966619047619,0,0
5305,-2.00966619047619,0,0
5310,-2.00966619047619,0,0
5314,-2.00966619047619,0,0
5319,-2.00966619047619,0,0.0981465
5323,-2.00966619047619,0.392586,-0.0785172
5328,-0.0467361904761905,0,0
5332,-0.0467361904761905,0,0
5337,-0.0467361904761905,0,0
5341,-0.0467361904761905,0,-0.0981465
5346,-0.0467361904761905,-0.4907325,0.122683125
5350,-2.00966619047619,0,0
5355,-2.00966619047619,0,0
5359,-2.00966619047619,0,-0.049073
5364,-2.00966619047619,-0.245365,0.06134125
5368,-2.99112619047619,0,0
5372,-2.99112619047619,0,0
5377,-2.99112619047619,0,0
5381,-2.99112619047619,0,0.1962925
5386,-2.99112619047619,0.9814625,-0.245365625
5390,0.93472380952381,0,0
5395,0.93472380952381,0,0
5399,0.93472380952381,0,-0.049073
5404,0.93472380952381,-0.245365,0.06134125
5408,-0.0467361904761905,0,0
5413,-0.0467361904761905,0,0
5417,-0.0467361904761905,0,0
5422,-0.0467361904761905,0,0.1962925
5426,-0.0467361904761905,0.78517,-0.157034
5431,3.87911380952381,0,0
5435,3.87911380952381,0,0
5440,3.87911380952381,0,-0.1962925
5444,3.87911380952381,-0.78517,0.157034
5449,-0.0467361904761905,0,0
5453,-0.0467361904761905,0,0
5458,-0.0467361904761905,0,0
5462,-0.0467361904761905,0,-0.049073
5467,-0.0467361904761905,-0.245365,0.06134125
5471,-1.02819619047619,0,0
5476,-1.02819619047619,0,0
5480,-1.02819619047619,0,-0.245366
5485,-1.02819619047619,-1.22683,0.3067075
5489,-5.93551619047619,0,0
5494,-5.93551619047619,0,0
